Date,close,high,low,open,volume
2019-05-28,16.49392318725586,16.56236740916035,16.449369292059963,16.465511704276146,398100
2019-05-29,16.40740394592285,16.471974849636858,16.375119109859625,16.465517636106703,515900
2019-05-30,16.420312881469727,16.45905491810645,16.400941247357796,16.433227304211016,181100
2019-05-31,16.44614028930664,16.691509391968246,16.368656217004016,16.413855464445067,732500
2019-06-03,16.40740394592285,16.497802472169933,16.394489518862542,16.469392210542306,120000
2019-06-04,16.439685821533203,16.45260024626789,16.41256626854276,16.439685821533203,282300
2019-06-05,16.42677116394043,16.48488483847836,16.42677116394043,16.459055991311626,96200
2019-06-06,16.439685821533203,16.465514671002577,16.43322984075319,16.43322984075319,661100
2019-06-07,16.497798919677734,16.523627768236597,16.439685242007577,16.452599666287007,61300
2019-06-10,16.530731201171875,16.555913467729557,16.517171424441788,16.543000274358533,55700
2019-06-11,16.53008460998535,16.562369438373235,16.488113347811293,16.562369438373235,86200
2019-06-12,16.504257202148438,16.51717162726539,16.47842958350189,16.51717162726539,264100
2019-06-13,16.565338134765625,16.565338134765625,16.493851382240468,16.53609366687261,181100
2019-06-14,16.59783935546875,16.59783935546875,16.51985366319313,16.55039718132654,79300
2019-06-17,16.623830795288086,16.727810873418807,16.575089591365426,16.586788372775885,213600
2019-06-18,16.669322967529297,16.69531860845868,16.636829655907952,16.66282405729695,38500
2019-06-19,16.656322479248047,16.68881702520518,16.614081428814057,16.6693202976309,29500
2019-06-20,16.656322479248047,16.714811422430696,16.649824809596808,16.695315934396604,443900
2019-06-21,16.64333152770996,16.69532157927963,16.591341476140293,16.623834793543608,68700
2019-06-24,16.64333152770996,16.688822667890843,16.630333704932394,16.66282702233571,82300
2019-06-25,16.617334365844727,16.682322234261903,16.617334365844727,16.643330009027792,57500
2019-06-26,16.623830795288086,16.66932192452774,16.59133748569985,16.66282301470203,128600
2019-06-27,16.669322967529297,16.675821877761642,16.58483961358957,16.62383183544326,512800
2019-06-28,16.75380516052246,16.75380516052246,16.643326181482784,16.68231839774967,347400
2019-07-01,16.662822723388672,16.773301709413616,16.656323813676583,16.773301709413616,33400
2019-07-02,16.727815628051758,16.75381127474347,16.688823397554852,16.688823397554852,34700
2019-07-03,16.74081039428711,16.76680479669121,16.70831584185644,16.753808215259376,48100
2019-07-05,16.6953182220459,16.766803753866405,16.66932258171818,16.766803753866405,89900
2019-07-08,16.688819885253906,16.760306659070462,16.66932315433837,16.760306659070462,29300
2019-07-09,16.70182228088379,16.721317777599197,16.684275342207332,16.714818865513816,34800
2019-07-10,16.77330780029297,16.77330780029297,16.68882442243799,16.727816655329462,110700
2019-07-11,16.6953182220459,16.754456692388988,16.688819311963968,16.734310442997117,41800
2019-07-12,16.688819885253906,16.734311017849752,16.67582206464355,16.70181770586426,61400
2019-07-15,16.75250816345215,16.766805022990347,16.656326022315817,16.688820575185062,407200
2019-07-16,16.766803741455078,16.79279938176355,16.74730825076408,16.766803741455078,34700
2019-07-17,16.8837833404541,16.89028225118431,16.766805426391294,16.766805426391294,38000
2019-07-18,16.981264114379883,16.981264114379883,16.883782934849524,16.883782934849524,100100
2019-07-19,17.039749145507812,17.039749145507812,16.914323794982554,16.98126020335235,58200
2019-07-22,17.1567325592041,17.202223697866167,17.04625354836456,17.04625354836456,54900
2019-07-23,17.221721649169922,17.325701756190337,17.156733772397,17.20222491427585,39800
2019-07-24,17.33869743347168,17.371190748066173,17.13073724516973,17.13073724516973,39300
2019-07-25,17.306198120117188,17.371185970974956,17.150228021782638,17.371185970974956,74300
2019-07-26,17.306198120117188,17.325694847236566,17.18597140173142,17.26720590541859,14400
2019-07-29,17.371187210083008,17.377686119586375,17.312698264092944,17.31919717359631,15200
2019-07-30,17.35169219970703,17.397183327945097,17.31919765129393,17.371187689214615,28700
2019-07-31,17.416677474975586,17.462169839247377,17.322446390691617,17.351690862239106,90400
2019-08-01,17.455673217773438,17.46866979829993,17.293204185558988,17.293204185558988,26400
2019-08-02,17.465421676635742,17.501165063509738,17.37118933661164,17.455673930957524,28500
2019-08-05,17.247716903686523,17.40368706067223,17.169731205423357,17.40368706067223,8400
2019-08-06,17.38418960571289,17.41668292224379,17.222370063236514,17.267211682936743,31800
2019-08-07,17.29320526123047,17.351694215629028,17.16842816409199,17.234716306831913,12400
2019-08-08,17.3776912689209,17.3776912689209,17.279560557284647,17.279560557284647,12000
2019-08-09,17.3776912689209,17.3776912689209,17.314003672272413,17.314003672272413,5400
2019-08-12,17.410186767578125,17.410186767578125,17.299707746389863,17.410186767578125,3500
2019-08-13,17.371187210083008,17.410180667103212,17.35169172111315,17.403681757599845,8600
2019-08-14,17.38418960571289,17.390688516927185,17.287357935838884,17.287357935838884,50700
2019-08-15,17.449174880981445,17.468670372181826,17.260710202441864,17.390685928299533,11100
2019-08-16,17.436176300048828,17.49856484406604,17.401082434154063,17.462171939902774,9800
2019-08-19,17.4296817779541,17.475172919610433,17.351697317840575,17.475172919610433,14900
2019-08-20,17.507665634155273,17.520662216445302,17.367942148328222,17.42967994271253,13100
2019-08-21,17.59864616394043,17.59864616394043,17.438126922815563,17.52066048022572,15700
2019-08-22,17.57265281677246,17.598647219876796,17.50376535539612,17.598647219876796,22700
2019-08-23,17.618144989013672,17.657137215735816,17.54665820707263,17.57265385124775,15800
2019-08-26,17.741619110107422,17.754616931117948,17.605145708118187,17.644137931609333,22400
2019-08-27,17.761117935180664,17.774115757723287,17.68963115073683,17.741621201366733,34400
2019-08-28,17.86509132385254,17.86509132385254,17.754612352832538,17.764360096306618,22500
2019-08-29,17.800107955932617,17.8650958210462,17.759165935586974,17.858596910580797,25900
2019-08-30,18.105548858642578,18.105548858642578,17.819603022580786,17.826101932439045,74200
2019-09-03,18.04705810546875,18.053557014677374,17.99181799696553,18.0340602870515,12500
2019-09-04,18.12504768371582,18.125698442499605,17.943083132364066,18.04706323014808,31200
2019-09-05,18.037307739257812,18.157535691091166,18.008063269830792,18.11854223882841,20400
2019-09-06,18.092554092407227,18.11789897745367,18.021067311441872,18.066558448586907,14600
2019-09-09,17.910585403442383,18.066555522481405,17.84559754395771,18.04056112241173,30600
2019-09-10,17.728622436523438,18.03406379144122,17.6506367504059,18.03406379144122,20600
2019-09-11,17.780614852905273,17.806609258718805,17.631142371200255,17.70912806772203,22000
2019-09-12,17.77928924560547,17.864989158512547,17.647445063444938,17.864989158512547,27000
2019-09-13,17.502424240112305,17.779298806116625,17.370579987054803,17.779298806116625,31900
2019-09-16,17.469457626342773,17.522195561334986,17.27828182613879,17.522195561334986,43200
2019-09-17,17.65404510498047,17.667228648744803,17.46946166118951,17.535384409498555,15100
2019-09-18,17.845212936401367,17.845212936401367,17.555153708070833,17.66063081985851,26600
2019-09-19,17.963876724243164,17.963876724243164,17.825440112658917,17.87817804907743,22400
2019-09-20,17.996837615966797,18.016614813806193,17.832031406086617,17.832031406086617,16500
2019-09-23,18.095722198486328,18.108905739565554,17.975742544378484,18.016614665153046,29500
2019-09-24,18.049579620361328,18.108909969878194,18.008708747410754,18.008708747410754,11500
2019-09-25,18.102313995361328,18.108906394825276,18.010022917609326,18.04957605702138,17300
2019-09-26,17.983654022216797,18.115498235312632,17.93750722739308,18.115498235312632,12700
2019-09-27,18.02320671081543,18.14186737980178,17.89136124363692,18.02320671081543,49100
2019-09-30,18.075946807861328,18.075946807861328,17.75292675775368,18.062762008092434,55200
2019-10-01,18.12867546081543,18.174820978990862,17.95727692375592,18.06275275312007,21100
2019-10-02,18.075946807861328,18.148461949218536,18.00343166650412,18.122092349680745,5600
2019-10-03,18.062763214111328,18.18801630553533,17.983656924959597,18.148463160959466,18600
2019-10-04,18.05221176147461,18.09572058658942,17.944097932654223,18.062758593398517,129200
2019-10-07,18.05616569519043,18.075942890557783,18.016612561827163,18.075942890557783,5400
2019-10-08,18.049579620361328,18.056172021126745,17.930920178699473,18.056172021126745,40600
2019-10-09,18.12209701538086,18.199885593724325,17.96717872164049,17.96717872164049,10500
2019-10-10,18.19790267944336,18.207791907747836,18.069354027830347,18.168897629408058,10100
2019-10-11,18.255252838134766,18.26052751167942,18.102312452770263,18.201197178931366,17000
2019-10-14,18.458297729492188,18.458297729492188,18.130663115796256,18.286899099690864,10300
2019-10-15,18.425334930419922,18.451044407678275,18.31326665641593,18.412150131743783,27400
2019-10-16,18.418737411499023,18.425329809004705,18.333037501296438,18.418737411499023,23500
2019-10-17,18.51103401184082,18.55058715136252,18.39237333590408,18.497849212876375,15800
2019-10-18,18.484664916992188,18.61650912914166,18.333042249831497,18.61650912914166,28800
2019-10-21,18.352819442749023,18.478072513024642,18.300081506428484,18.478072513024642,25200
2019-10-22,18.39237403869629,18.438519579463485,18.28689815769365,18.35282089766322,19500
2019-10-23,18.44510841369629,18.47807040599525,18.36006861109641,18.438516015236495,13700
2019-10-24,18.484664916992188,18.50444085726024,18.34622704825792,18.458295320139342,19800
2019-10-25,18.543996810913086,18.603327155469202,18.3811684234746,18.3811684234746,21100
2019-10-28,18.333040237426758,18.5044388260412,18.260526368784397,18.5044388260412,14400
2019-10-29,18.168235778808594,18.333041984640165,18.168235778808594,18.333041984640165,50500
2019-10-30,18.21438217163086,18.313266905676226,18.148460692096112,18.253936568197656,15000
2019-10-31,18.30667495727539,18.3857812376147,18.168237080624113,18.234159819154645,120900
2019-11-01,18.49125862121582,18.49125862121582,18.362709962173838,18.41215233443849,14800
2019-11-04,18.425334930419922,18.484665267090953,18.408194440666616,18.478072867752886,13800
2019-11-05,18.359413146972656,18.55058770820921,18.302719515621035,18.451704227750877,31300
2019-11-06,18.405555725097656,18.484663251155443,18.32644819903987,18.45170125805992,21800
2019-11-07,18.319856643676758,18.451700840964136,18.319856643676758,18.379185715164642,24500
2019-11-08,18.194604873657227,18.313265539763954,18.032435380469472,18.313265539763954,37900
2019-11-11,18.247343063354492,18.372596130151667,18.227565866269188,18.240750664326058,9600
2019-11-12,18.238115310668945,18.304038048477597,18.21042798711621,18.267120359702304,10900
2019-11-13,18.359413146972656,18.431927028710543,18.28030560818299,18.28030560818299,32000
2019-11-14,18.359413146972656,18.425335886402102,18.326451148572097,18.339635947932322,29900
2019-11-15,18.39237403869629,18.412151237898666,18.369301268312693,18.412151237898666,10000
2019-11-18,18.359413146972656,18.38578148832143,18.082538647266325,18.38578148832143,179700
2019-11-19,18.16164779663086,18.392376792383015,18.148464252560466,18.366008446870357,29600
2019-11-20,18.14845848083496,18.267117883962673,18.09308258386293,18.267117883962673,13300
2019-11-21,18.227563858032227,18.280301787077715,18.141865194847586,18.194603123893074,10300
2019-11-22,18.194604873657227,18.26052760564669,18.115497343795568,18.26052760564669,11300
2019-11-25,18.194604873657227,18.25393520671059,18.115497343795568,18.25393520671059,11700
2019-11-26,18.260528564453125,18.260528564453125,18.128683093551388,18.240751366606386,21500
2019-11-27,18.155054092407227,18.32645145749261,18.155054092407227,18.260529974323628,27200
2019-11-29,18.194604873657227,18.385779413317984,18.161642878976732,18.161642878976732,27400
2019-12-02,17.9309139251709,18.161641584633223,17.917729128238353,18.161641584633223,14500
2019-12-03,17.8584041595459,17.94410285058669,17.85181175910094,17.85181175910094,14500
2019-12-04,17.8979549407959,17.905206203116023,17.825441060223,17.878178999444952,6100
2019-12-05,17.8913631439209,17.957285884511965,17.733149320925357,17.957285884511965,24900
2019-12-06,17.7694034576416,17.905203346564328,17.7694034576416,17.891359686878587,10400
2019-12-09,17.799068450927734,17.845213982769227,17.752922919086238,17.845213982769227,7100
2019-12-10,17.884769439697266,17.911139036959103,17.779293565393132,17.78588596470859,11800
2019-12-11,17.977060317993164,17.977060317993164,17.878176851006387,17.891360391198855,8300
2019-12-12,17.90216064453125,17.995783786883337,17.835286424771336,17.975721138299466,14500
2019-12-13,18.00916290283203,18.00916290283203,17.862039331440798,17.948976219175606,18600
2019-12-16,18.022537231445312,18.05597370958845,17.959675785182696,18.05597370958845,13400
2019-12-17,18.055971145629883,18.06265869541285,17.98240937353694,17.989096923319906,59100
2019-12-18,18.203094482421875,18.203094482421875,18.047278262342836,18.05597220512281,30700
2019-12-19,18.417095184326172,18.417095184326172,18.24991022996818,18.24991022996818,8400
2019-12-20,18.483964920043945,18.483964920043945,18.269968419893125,18.410404420316947,11100
2019-12-23,18.71133804321289,18.72471314444083,18.4705925987093,18.490653975031346,17300
2019-12-24,18.744775772094727,18.744775772094727,18.45721747366441,18.71133801906803,11600
2019-12-26,18.89189910888672,18.89189910888672,18.6244034474047,18.731401711997506,15900
2019-12-27,19.02564811706543,19.045709495045685,18.825025408623144,18.85846316445684,11400
2019-12-30,19.018957138061523,19.059081162310335,18.81164691581657,19.018957138061523,49300
2019-12-31,18.858461380004883,19.00558366519204,18.764836948049563,18.978833463056283,47800
2020-01-02,18.89858627319336,19.039021014278116,18.83171204031114,19.039021014278116,58200
2020-01-03,18.972148895263672,18.972148895263672,18.550842102352757,18.9520862418565,19400
2020-01-06,19.05908203125,19.08583223231529,18.918647302216606,19.08583223231529,7100
2020-01-07,19.018957138061523,19.05239361234891,18.898583789795353,19.018957138061523,18300
2020-01-08,19.085832595825195,19.112581521880156,19.03701335039925,19.052394843856728,19900
2020-01-09,19.105894088745117,19.11926918961459,19.05239496078704,19.11926918961459,13000
2020-01-10,19.02564811706543,19.11927128235985,19.02564811706543,19.11927128235985,15000
2020-01-13,19.05908203125,19.05908203125,18.91329649669167,19.05908203125,15300
2020-01-14,18.925336837768555,19.059085315100067,18.85913224710866,19.059085315100067,8700
2020-01-15,19.012271881103516,19.012271881103516,18.906610364697173,18.91864872139148,69800
2020-01-16,18.925336837768555,18.978835973597157,18.901262673077685,18.978835973597157,6500
2020-01-17,18.856454849243164,18.985520874595764,18.804962113580633,18.985520874595764,15600
2020-01-21,18.888551712036133,18.925331320836648,18.851770827715978,18.89858239847994,5600
2020-01-22,19.039024353027344,19.045711905040307,18.8939084284584,18.95877627991202,31800
2020-01-23,19.02564811706543,19.039021943878947,18.891899644770575,18.945398778584522,17900
2020-01-24,18.85177230834961,19.039018606111945,18.831709658366613,18.984851109333515,12800
2020-01-27,18.85177230834961,18.974150774238637,18.831709658366613,18.831709658366613,9000
2020-01-28,18.811647415161133,18.95208341703937,18.791586040264075,18.95208341703937,11700
2020-01-29,18.93870735168457,18.99220647455013,18.90393285804597,18.9186459778098,9200
2020-01-30,19.259706497192383,19.259706497192383,18.92533658386946,18.985523270309184,9800
2020-01-31,19.386760711669922,19.397461045196724,19.246326008928147,19.293137576508737,31000
2020-02-03,19.42020606994629,19.42020606994629,19.346644277470414,19.386768311766325,8300
2020-02-04,19.266395568847656,19.467018297984705,19.25970801699108,19.420206710508754,21500
2020-02-05,19.44025993347168,19.450290619287646,19.306512779020398,19.364693052688214,5700
2020-02-06,19.47369956970215,19.5071360426819,19.450962155826467,19.493760943282126,12600
2020-02-07,19.580699920654297,19.767946230319247,19.50713814156031,19.50713814156031,17000
2020-02-10,19.42688751220703,19.84819423180347,19.179454540842542,19.84819423180347,20400
2020-02-11,19.38007354736328,19.507134430118242,19.373385998216225,19.493759331824126,33100
2020-02-12,19.15938949584961,19.446947731098884,19.139328123961246,19.446947731098884,14000
2020-02-13,19.19283103942871,19.226267516205485,19.099206608518053,19.199517314368205,19900
2020-02-14,19.17945671081543,19.226268290395822,19.126625952923327,19.226268290395822,30900
2020-02-18,19.05239486694336,19.22626735083064,19.047713709214083,19.206204699625246,15100
2020-02-19,18.811647415161133,19.192830119962192,18.811647415161133,19.192830119962192,19200
2020-02-20,19.06576919555664,19.072456745687585,18.8852091685805,18.925333193846384,8400
2020-02-21,18.865148544311523,19.092520171104297,18.865148544311523,19.06577124322745,14700
2020-02-24,18.64446258544922,18.972146166366883,18.637776310795186,18.93202086532404,5200
2020-02-25,18.724714279174805,18.731401830194045,18.53813632516176,18.710002432244437,39100
2020-02-26,18.604339599609375,18.724712958425282,18.530777819106355,18.724712958425282,25700
2020-02-27,18.39702606201172,18.584273604241492,18.360245180902343,18.584273604241492,11500
2020-02-28,17.855350494384766,18.356905269221194,17.855350494384766,18.33015506898044,73300
2020-03-02,18.029224395751953,18.256596029793567,17.954995512655252,18.256596029793567,21200
2020-03-03,18.316781997680664,18.6779020878111,18.122848126533498,18.310094446879745,25000
2020-03-04,19.05908203125,19.05908203125,18.512052409350872,18.684588144974487,9800
2020-03-05,18.570903778076172,18.97214789645602,18.49065444419225,18.97214789645602,31600
2020-03-06,18.570903778076172,18.691277141142116,18.02253736901567,18.323469501160634,26600
2020-03-09,17.955663681030273,18.43715587237073,17.902164548659112,18.43715587237073,26000
2020-03-10,18.022537231445312,18.39034359309935,18.01584968071271,18.25659512948704,18400
2020-03-11,17.855350494384766,18.109471019073197,17.724945181490703,18.109471019073197,17300
2020-03-12,16.49679183959961,17.304327484627642,15.763902727317946,15.947125328970571,45600
2020-03-13,16.395002365112305,16.734302912890836,15.76729686945357,16.720730580340764,38200
2020-03-16,14.997082710266113,15.594251034753889,14.820646290812544,14.929222349810322,55300
2020-03-17,15.13280200958252,16.048913632209423,14.861361864370881,15.031012116919245,26800
2020-03-18,11.230846405029297,14.216691939594849,10.443669969612921,13.84346060060979,36900
2020-03-19,11.563361167907715,12.669480181208682,11.2308455530858,11.2308455530858,75300
2020-03-20,12.920564651489258,13.979181930207966,11.678723483760988,11.692295815440035,74300
2020-03-23,12.174103736877441,12.961280886083633,11.855160400926229,12.764485951617663,59000
2020-03-24,13.572019577026367,13.836673544593213,12.778056379997178,13.13092919963874,28700
2020-03-25,14.759571075439453,15.9810523018823,13.86381800347088,13.86381800347088,18600
2020-03-26,16.0285587310791,16.734303209934826,15.221023050619868,15.26852492105943,26200
2020-03-27,15.017438888549805,15.994624647238295,14.827431445421926,15.994624647238295,39100
2020-03-30,15.377100944519043,15.926767477470278,15.268524871203464,15.363528611772374,14300
2020-03-31,15.947122573852539,16.286423054147274,15.288880108039054,15.288880108039054,32800
2020-04-01,15.411029815673828,15.572537461986169,14.637425003169275,15.39745877784287,20900
2020-04-02,15.241376876831055,15.512138772644056,14.745998488733525,15.268521536395712,16200
2020-04-03,15.68925952911377,15.689259529113768,14.66389209029565,14.95637032152803,23200
2020-04-06,16.374643325805664,16.374643325805664,15.750330286726854,15.750330286726854,23600
2020-04-07,17.202537536621094,17.419689673863065,16.381429561554956,16.381429561554956,50200
2020-04-08,17.17539405822754,17.501123580910292,16.87681049606766,16.897167701384195,17000
2020-04-09,17.715557098388672,18.217042126013407,17.138066506682616,17.460402218377038,22600
2020-04-13,16.998958587646484,17.874354707764233,16.93109950692055,17.874354707764233,19200
2020-04-14,17.3382568359375,17.77256240126107,17.250039266265002,17.37218766606448,8500
2020-04-15,17.15774917602539,17.168606005847295,16.794697718697595,17.032886572772007,13300
2020-04-16,17.188962936401367,17.416294939931486,17.06002838655337,17.22967863317965,7100
2020-04-17,17.58933448791504,17.84720224733545,17.09395616667178,17.09395616667178,18600
2020-04-20,17.663984298706055,17.8505993127564,17.374899872103686,17.589337775354448,14000
2020-04-21,17.440046310424805,17.480762008229174,17.094637871502865,17.44683118145162,5700
2020-04-22,17.30432891845703,17.609699946514322,17.283970418476898,17.568982946554055,9600
2020-04-23,17.440046310424805,17.616481432353307,17.412901649002762,17.616481432353307,6700
2020-04-24,17.446836471557617,17.602915733402224,17.36540505125782,17.528269186186503,21200
2020-04-27,17.63005256652832,17.786130476126115,17.440045126784433,17.501119316510287,9400
2020-04-28,17.725059509277344,17.942211632227902,17.56219412273568,17.80649090821943,7500
2020-04-29,17.663984298706055,17.94221060205283,17.579837402879054,17.94221060205283,6500
2020-04-30,18.546167373657227,18.5529535397434,17.64362799345737,17.64362799345737,92400
2020-05-01,18.444379806518555,18.457952140409482,18.193296806852366,18.457952140409482,16400
2020-05-04,18.35616111755371,18.44437999441445,18.103043430121435,18.44437999441445,10700
2020-05-05,18.31544303894043,18.42401910846124,18.24758267190771,18.42401910846124,5400
2020-05-06,18.31544303894043,18.369731073700837,18.186508471011148,18.34937386962121,9400
2020-05-07,18.261154174804688,18.35615790773836,18.25436800897674,18.35615790773836,8500
2020-05-08,18.31544303894043,18.356158741428523,18.261155004180022,18.3358015373489,15900
2020-05-11,18.186508178710938,18.451163476452024,18.1661509749585,18.1661509749585,12300
2020-05-12,18.152578353881836,18.369730485975854,17.73184512720308,18.369730485975854,11000
2020-05-13,17.894712448120117,18.186509848096723,17.783420868254748,18.186509848096723,9700
2020-05-14,17.67755889892578,17.92524945010722,17.237146652149185,17.75220543732725,24200
2020-05-15,17.887922286987305,18.118646724249558,17.63683935432121,17.63683935432121,6600
2020-05-18,17.94221305847168,18.24758277027175,17.86756652490042,18.20686706756418,13800
2020-05-19,18.210262298583984,18.281516407170113,17.96257301974101,17.982931521384053,16400
2020-05-20,17.98293113708496,18.315445557507804,17.888605615180666,18.315445557507804,28200
2020-05-21,17.98293113708496,18.17972609910835,17.96257263587698,18.050791513449198,10800
2020-05-22,18.281511306762695,18.281511306762695,17.965961738141306,18.071144064795973,14800
2020-05-26,18.390085220336914,18.48508893510403,18.186504167413542,18.45794557131137,14100
2020-05-27,18.390085220336914,18.48848266453345,18.15257463909058,18.376512891276313,11800
2020-05-28,18.31544303894043,18.451163773005867,18.254368838043867,18.451163773005867,26500
2020-05-29,18.32222557067871,18.40365825383075,18.203470922674263,18.40365825383075,108700
2020-06-01,18.32222557067871,18.32222557067871,18.183112428304106,18.183112428304106,3000
2020-06-02,18.308652877807617,18.308652877807617,18.091500786149155,18.28829567816999,6000
2020-06-03,18.32222557067871,18.410443124292215,18.257758946666094,18.410443124292215,17500
2020-06-04,18.139007568359375,18.31544401430883,18.139007568359375,18.227226438498562,3800
2020-06-05,18.274728775024414,18.478308597819368,18.17225934092964,18.478308597819368,5900
2020-06-08,18.362945556640625,18.457950591576118,18.312051250313754,18.329016019089376,10100
2020-06-09,18.301868438720703,18.36294263204902,18.24418797520434,18.36294263204902,10300
2020-06-10,18.390085220336914,18.444373242250773,18.301866375771557,18.301866375771557,12400
2020-06-11,17.90149688720703,18.234012573365405,17.691130903463684,18.14579370337925,9800
2020-06-12,17.562641143798828,18.68251741251922,17.562641143798828,18.39393999571364,14100
2020-06-15,17.87325668334961,17.87325668334961,17.48825607926993,17.78992004034381,11100
2020-06-16,18.33402442932129,18.42011582606864,17.962108964820526,18.285812143676385,8500
2020-06-17,18.1825008392334,18.492430360749726,18.1825008392334,18.43733192510797,12600
2020-06-18,18.04474449157715,18.29957410965339,17.814019028759954,18.29957410965339,5300
2020-06-19,18.058523178100586,18.251368297173364,18.058523178100586,18.182494946529523,5900
2020-06-22,17.95245933532715,18.024087410811063,17.927665506755762,18.01031247776033,3900
2020-06-23,17.976566314697266,18.1818083679076,17.851906181557773,18.094338980735397,4000
2020-06-24,18.065410614013672,18.127396498123435,17.890473170682757,18.017199662739394,5400
2020-06-25,17.889787673950195,18.2617017243289,17.889787673950195,18.23759624484371,9800
2020-06-26,17.872570037841797,18.07918881310292,17.7692593365611,18.07918881310292,4700
2020-06-29,17.81747055053711,17.862237117202863,17.81747055053711,17.858794040401673,5900
2020-06-30,18.017202377319336,18.13979614526606,17.817471075711754,18.044752247141123,69000
2020-07-01,18.210046768188477,18.216934235357634,17.913892248164924,18.113623541470318,9000
2020-07-02,18.216936111450195,18.290629259084465,18.192140964357662,18.20316117569325,4500
2020-07-06,17.989654541015625,18.402892095677654,17.900118774162074,18.402892095677654,4300
2020-07-07,17.982765197753906,18.134285531083673,17.965545873397105,18.07918710863194,8000
2020-07-08,18.16183853149414,18.28580901815414,18.157705787843735,18.157705787843735,7900
2020-07-09,18.25481605529785,18.25481605529785,18.07919021408145,18.25137297802508,6600
2020-07-10,18.148061752319336,18.368455457758415,18.079188390957096,18.25137113753764,27700
2020-07-13,18.092275619506836,18.181123040342115,17.982768421230084,17.982768421230084,3700
2020-07-14,18.079187393188477,18.210046641189752,18.00342656850615,18.210046641189752,14600
2020-07-15,18.251375198364258,18.325069672008947,18.07919241347403,18.154953259193856,4200
2020-07-16,18.251375198364258,18.31336110601677,18.21418312831259,18.31336110601677,6900
2020-07-17,18.251375198364258,18.31336110601677,18.1962767597454,18.210051697812712,8400
2020-07-20,18.251375198364258,18.320248575050428,18.1962767597454,18.1962767597454,3800
2020-07-21,18.299577713012695,18.409774539336272,18.292690247161246,18.32024011056704,11500
2020-07-22,18.478656768798828,18.478656768798828,18.3202489190019,18.375347358655198,156300
2020-07-23,18.492431640625,18.52686767266557,18.375347292576485,18.513092734389176,8200
2020-07-24,18.457992553710938,18.516535379037805,18.404960491365024,18.513090987968422,5300
2020-07-27,18.733482360839844,18.743812904719285,18.38222941878847,18.499313732805593,10600
2020-07-28,18.733482360839844,18.74725598146242,18.657721535990518,18.719707426567233,13700
2020-07-29,18.729347229003906,18.76791598912796,18.7059301064572,18.76791598912796,11200
2020-07-30,18.70937728881836,18.788581192130128,18.657721940999785,18.71970783292205,15700
2020-07-31,18.637062072753906,18.81613230557855,18.29958401177101,18.77480880989601,41100
2020-08-03,18.767919540405273,18.795469410649666,18.547525833050585,18.568186922083765,4800
2020-08-04,18.781696319580078,18.795471256054746,18.564057315151253,18.795471256054746,3600
2020-08-05,18.767919540405273,18.809243032121746,18.7128211135666,18.809243032121746,17900
2020-08-06,18.396005630493164,18.816131989432467,18.396005630493164,18.816131989432467,7300
2020-08-07,18.767919540405273,18.795469410649666,18.554413300611685,18.554413300611685,5600
2020-08-10,18.767919540405273,18.864341458960418,18.616399195011454,18.850567837488338,14100
2020-08-11,18.681827545166016,18.816129874016376,18.633616587491534,18.705933024003254,7700
2020-08-12,18.761032104492188,18.761032104492188,18.630172847910803,18.67838512091982,14100
2020-08-13,18.767919540405273,18.843680369927238,18.637060284044633,18.816130499682846,6600
2020-08-14,18.767919540405273,18.834038178071726,18.754144605283077,18.771362617360765,10600
2020-08-17,18.767919540405273,18.80235556456065,18.70937803661111,18.767919540405273,5700
2020-08-18,18.767919540405273,18.80235556456065,18.692158710883305,18.80235556456065,11100
2020-08-19,18.812686920166016,18.885003357150516,18.661165265169828,18.661165265169828,6400
2020-08-20,18.823020935058594,18.933217806110612,18.705936595359535,18.90566924517277,8800
2020-08-21,18.685270309448242,18.974537364306475,18.685270309448242,18.823017026485516,9200
2020-08-24,18.75414276123047,18.902220015108693,18.692156872925633,18.767917694998207,8700
2020-08-25,18.905664443969727,18.905664443969727,18.671495824040083,18.758275542384013,5600
2020-08-26,18.8367919921875,19.01586219917318,18.8367919921875,18.933213906083616,12500
2020-08-27,18.940099716186523,19.06407148814919,18.90566369670798,18.940099716186523,8500
2020-08-28,18.959388732910156,19.06200977751932,18.885005914275705,18.885005914275705,6100
2020-08-31,18.898778915405273,19.02963685893727,18.705933763434256,18.988313366961382,16000
2020-09-01,19.101953506469727,19.112284050453308,18.761031104861026,18.988312268050144,13400
2020-09-02,19.050302505493164,19.146724441071616,18.981429131372693,19.146724441071616,7800
2020-09-03,19.064075469970703,19.070962938034953,18.849879548218258,18.898780177379365,15700
2020-09-04,18.91254997253418,19.105395098356542,18.816128066447973,19.105395098356542,48200
2020-09-08,18.981426239013672,19.057187070366915,18.857454447217513,18.933215278570756,7000
2020-09-09,19.163944244384766,19.174274790981023,18.907735128674215,19.036528039329138,7900
2020-09-10,18.95043182373047,19.194932311352368,18.95043182373047,19.194932311352368,9500
2020-09-11,19.081295013427734,19.18804880650882,18.974541220346648,19.022753500662514,3700
2020-09-14,19.37676239013672,19.37676239013672,19.217500880426112,19.306910780668453,4500
2020-09-15,19.38374137878418,19.411682546405682,19.271979372914586,19.376756086878807,7900
2020-09-16,19.327865600585938,19.45709020499705,19.327865600585938,19.38374661862657,20100
2020-09-17,19.31598663330078,19.40469838010591,19.297825939139923,19.334846789308493,5200
2020-09-18,19.37676239013672,19.3907329784921,19.199340181411024,19.27897093626633,6700
2020-09-21,19.10434341430664,19.17419502682997,19.006550623850504,19.090372825340236,5500
2020-09-22,19.299924850463867,19.37676175157767,19.11831253706348,19.181177517973712,8200
2020-09-23,18.879419326782227,19.160222000668654,18.678247401104784,19.160222000668654,8200
2020-09-24,18.866849899291992,19.013537095595595,18.720161370679612,18.985597248241525,11300
2020-09-25,19.27198600769043,19.278971302000635,18.866848263859133,18.866848263859133,5000
2020-09-28,19.579330444335938,19.83777964783077,19.36977563177167,19.36977563177167,55800
2020-09-29,19.65616798400879,19.76094606696845,19.390733460205695,19.62822813891257,91400
2020-09-30,19.453598022460938,19.62124107484387,19.202132777732267,19.62124107484387,308700
2020-10-01,19.488527297973633,19.495512593178447,19.33485480039421,19.359302667456646,20300
2020-10-02,19.453598022460938,19.568852038089215,19.188162190289884,19.432642141297364,40600
2020-10-05,19.37676239013672,19.453599293782677,19.195148738442683,19.453599293782677,7800
2020-10-06,19.418670654296875,19.453597121284883,19.31389391794983,19.453597121284883,22500
2020-10-07,19.292940139770508,19.530433463221474,19.292940139770508,19.41168746765026,14100
2020-10-08,19.390731811523438,19.512971121504847,19.38514410944102,19.446612829273302,12300
2020-10-09,19.558378219604492,19.61705309846002,19.3558086628218,19.57234880951546,5700
2020-10-12,19.53043556213379,19.69109466933709,19.22309060119853,19.383748376093145,15800
2020-10-13,19.558378219604492,19.653375832843267,19.271289658170645,19.558378219604492,10700
2020-10-14,19.558378219604492,19.677125569230157,19.418674985112375,19.53742233473804,4900
2020-10-15,19.418670654296875,19.551388564234326,19.23705835519319,19.551388564234326,11300
2020-10-16,19.34183692932129,19.42565779343984,19.278970615078066,19.3488222233826,7500
2020-10-19,19.15323829650879,19.418672813590664,19.069416098725302,19.418672813590664,14100
2020-10-20,19.16022491455078,19.23985567486999,19.006551096714468,19.22309123415496,11800
2020-10-21,18.901777267456055,19.19515302692029,18.810971087475927,19.09386823717824,14400
2020-10-22,18.873838424682617,18.971629905623157,18.748105759296777,18.971629905623157,12100
2020-10-23,19.244041442871094,19.25102673595166,18.971621674271137,18.971621674271137,9600
2020-10-26,19.237058639526367,19.237058639526367,18.880816664834192,19.209117465522976,14100
2020-10-27,19.1741943359375,19.292941673255797,19.076401549005073,19.153238453242984,5700
2020-10-28,18.8221378326416,19.09385944996029,18.8221378326416,19.09385944996029,24100
2020-10-29,18.664278030395508,18.950668424900297,18.650308774604223,18.86684756091815,13400
2020-10-30,18.803985595703125,18.803985595703125,18.62586521931449,18.776044413041188,40600
2020-11-02,18.859865188598633,19.063831010144053,18.762073721366942,18.762073721366942,13100
2020-11-03,18.957656860351562,19.034493775324727,18.901775831000762,19.013537889702363,7200
2020-11-04,19.237058639526367,19.2580131877204,19.041474418428162,19.041474418428162,12800
2020-11-05,19.369773864746094,19.369773864746094,19.167205696619494,19.215403285789318,13100
2020-11-06,19.15323829650879,19.331358634874324,19.076401392899648,19.320881359767128,9400
2020-11-09,19.446611404418945,19.446611404418945,19.17488975901914,19.28595365669805,13200
2020-11-10,19.737199783325195,19.737199783325195,19.1392715389487,19.467573769310448,8700
2020-11-11,19.760944366455078,19.823809345588938,19.60377858784904,19.823809345588938,3600
2020-11-12,19.481538772583008,19.795870343136958,19.418672458472216,19.477348662001937,9500
2020-11-13,19.579330444335938,19.62822616757504,19.244043010694817,19.62822616757504,13500
2020-11-16,19.621244430541992,19.69458802869517,19.401212303773693,19.663154867728267,21000
2020-11-17,19.94954490661621,20.01660267064658,19.53812130291681,19.65616918744647,9700
2020-11-18,19.75396156311035,19.998440213643068,19.726020384587343,19.998440213643068,10400
2020-11-19,19.6142578125,19.76793029335585,19.6142578125,19.75396103677527,16400
2020-11-20,19.621244430541992,19.73300648457791,19.60727384071031,19.684110752475792,11500
2020-11-23,19.628231048583984,19.71903722399356,19.628231048583984,19.6631561932087,9500
2020-11-24,19.579330444335938,19.770023764968435,19.558374563386952,19.677121890814142,12700
2020-11-25,19.586318969726562,19.68411043234035,19.572348380122094,19.607273521824514,7100
2020-11-27,19.37676239013672,19.61425706294364,19.35580650760365,19.61425706294364,7900
2020-11-30,19.362791061401367,19.55837529397218,19.359299080600366,19.425657374288107,22700
2020-12-01,19.55488395690918,19.55488395690918,19.432643307912596,19.432643307912596,5200
2020-12-02,19.589113235473633,19.631721802667013,19.489224716767016,19.5653634991055,10800
2020-12-03,19.621244430541992,19.712050599830384,19.58631928827156,19.60727384071031,5400
2020-12-04,19.621244430541992,19.673633476256416,19.600288545794466,19.621244430541992,92700
2020-12-07,19.488527297973633,19.733007300906813,19.413087974994003,19.656170385962685,27000
2020-12-08,19.43963050842285,19.544407266188813,19.404705366603782,19.404705366603782,48500
2020-12-09,19.49551010131836,19.558376417817463,19.265000718257856,19.558376417817463,91000
2020-12-10,19.38374137878418,19.46756354934048,19.376756086878807,19.46756354934048,53400
2020-12-11,19.320884704589844,19.481542501486842,19.223093233836693,19.42566147072663,26200
2020-12-14,19.503665924072266,19.528461612931455,19.43211245746951,19.48949657293453,13500
2020-12-15,19.78704261779785,19.78704261779785,19.538376360663204,19.58867579147739,20700
2020-12-16,19.730365753173828,19.779957119873103,19.730365753173828,19.76578777188377,13400
2020-12-17,19.765790939331055,19.794129639850972,19.740995252007934,19.751621589071096,13000
2020-12-18,19.758703231811523,19.794126602024956,19.75161855776884,19.779957253939585,13100
2020-12-21,19.755163192749023,19.82955024941091,19.631183413715693,19.765789529054004,13700
2020-12-22,19.617013931274414,19.815379400695434,19.45406912976847,19.815379400695434,25300
2020-12-23,19.758703231811523,19.829548620974982,19.567422437712615,19.567422437712615,16100
2020-12-24,19.82954978942871,19.835926401821894,19.55325424180029,19.794127768391448,14000
2020-12-28,19.850805282592773,19.850805282592773,19.730368510379876,19.836635932623352,11000
2020-12-29,19.872053146362305,19.94219046585007,19.687857046397838,19.921645859251633,67000
2020-12-30,19.872053146362305,19.93581385452818,19.810417975303725,19.87913781963221,38800
2020-12-31,19.935819625854492,19.94998897649626,19.79413017322776,19.935819625854492,116800
2021-01-04,19.737455368041992,19.914568208455105,19.709116664969297,19.886229505382413,14600
2021-01-05,19.83663558959961,19.881267825094255,19.772874867103383,19.772874867103383,13000
2021-01-06,19.524917602539062,19.83663655533384,19.319467426587334,19.83663655533384,13100
2021-01-07,19.51782989501953,19.567422613764535,19.32654909919963,19.567422613764535,14600
2021-01-08,19.574506759643555,19.65952150123184,19.510747392531687,19.58867610845218,11700
2021-01-11,19.446985244750977,19.595759342515834,19.39739252756598,19.595759342515834,11700
2021-01-12,19.34071922302246,19.482410018205748,19.34071922302246,19.482410018205748,12800
2021-01-13,19.369054794311523,19.55750333229249,19.338591913360986,19.397392138013338,20200
2021-01-14,19.58159065246582,19.58159065246582,19.15652101528111,19.468238569048108,32200
2021-01-15,19.567426681518555,19.652440085941784,19.37614449467074,19.37614449467074,9300
2021-01-19,19.723281860351562,19.723281860351562,19.534125246118624,19.694943163250493,7800
2021-01-20,19.942901611328125,19.95707096005877,19.685734553057944,19.723282111057028,14900
2021-01-21,19.673688888549805,20.02082979216993,19.673688888549805,19.957069080151605,12900
2021-01-22,19.928730010986328,19.99957539537174,19.723279882658282,19.723279882658282,8400
2021-01-25,19.6949462890625,19.97124322459559,19.645354912528365,19.97124322459559,11000
2021-01-26,19.794126510620117,19.928731263019365,19.730365795793777,19.787041836610143,8100
2021-01-27,19.446985244750977,19.71619609600978,19.446985244750977,19.69494207435907,10900
2021-01-28,19.673688888549805,19.68785823594573,19.482406752494835,19.55325213821112,14200
2021-01-29,19.723281860351562,19.836633946228936,19.539084382984964,19.581591077373115,45100
2021-02-01,19.8394718170166,19.942905651430035,19.687864078928605,19.79413151340951,8800
2021-02-02,19.914566040039062,19.999579437472903,19.872057990058554,19.90748136504231,10400
2021-02-03,19.82246208190918,19.935814153400468,19.77287071953965,19.857885448789755,7700
2021-02-04,19.964157104492188,19.978326454266195,19.71619888850131,19.8720576822247,18000
2021-02-05,19.999576568603516,19.999576568603516,19.862136866161677,19.90747850938407,7100
2021-02-08,19.935819625854492,20.01374970312057,19.872058899230186,20.006665027799684,8800
2021-02-09,20.127098083496094,20.141267431517434,19.935815938998182,19.985407305809478,5900
2021-02-10,19.87914276123047,20.14127033232409,19.87205808619944,20.14127033232409,9300
2021-02-11,19.58159065246582,19.907478905739307,19.567422655486173,19.907478905739307,19400
2021-02-12,19.468238830566406,19.645351632193677,19.34071739719262,19.645351632193677,10900
2021-02-16,19.503665924072266,19.6949467593769,19.39739714180295,19.574509977233546,23700
2021-02-17,19.436357498168945,19.50366122422298,19.404477141423186,19.50366122422298,14700
2021-02-18,19.354887008666992,19.50366246671281,19.30529563973954,19.50366246671281,6300
2021-02-19,19.489492416381836,19.50224428918071,19.33717530229532,19.41156235300825,8000
2021-02-22,19.369054794311523,19.48736600813805,19.340716099346356,19.454068176680316,10300
2021-02-23,19.404478073120117,19.432816769927406,19.276956640014195,19.432816769927406,12000
2021-02-24,19.201154708862305,19.41156400612093,19.170690472692584,19.41156400612093,10000
2021-02-25,19.149436950683594,19.248619689015207,18.983658543742504,19.248619689015207,17300
2021-02-26,19.567426681518555,19.567426681518555,19.149440281190525,19.149440281190525,35300
2021-03-01,19.666603088378906,19.688565170205635,19.567420364815145,19.62409639988919,21100
2021-03-02,19.602846145629883,19.687860890203527,19.546170099668633,19.687860890203527,8000
2021-03-03,19.560338973999023,19.65243703972586,19.333634795658977,19.595760995140846,10500
2021-03-04,19.482404708862305,19.706983301350558,19.404474657622632,19.489489381817112,18900
2021-03-05,19.575218200683594,19.62410151325254,19.42786020084202,19.489495388154253,8100
2021-03-08,19.75162124633789,19.75162124633789,19.510749052416323,19.510749052416323,4800
2021-03-09,19.730365753173828,19.829548486572378,19.71265474381886,19.808294464588375,34200
2021-03-10,19.78704261779785,19.815379963693086,19.723989962504184,19.815379963693086,53800
2021-03-11,19.83663558959961,19.892603575126486,19.77995954196558,19.77995954196558,18800
2021-03-12,19.8783016204834,19.935774067489536,19.727435590685275,19.935774067489536,6600
2021-03-15,19.89985466003418,19.942958653501595,19.863933523601965,19.885486205461294,13500
2021-03-16,19.914220809936523,19.96451039858193,19.770540381703203,19.89985372628902,7600
2021-03-17,19.892669677734375,19.964510577620885,19.85674854266552,19.892669677734375,7300
2021-03-18,19.619680404663086,19.942963865790095,19.598129087422354,19.942963865790095,11500
2021-03-19,19.788501739501953,19.856749845232937,19.669964041375668,19.669964041375668,3600
2021-03-22,19.89985466003418,19.964511335360925,19.777725536667138,19.835197984707438,11300
2021-03-23,19.856752395629883,19.96451445149518,19.856752395629883,19.94296176627183,41600
2021-03-24,19.935775756835938,19.978879753180344,19.856750621661746,19.856750621661746,16200
2021-03-25,19.835195541381836,19.978875958658218,19.828011314980355,19.92140351769745,7300
2021-03-26,19.860342025756836,19.907037447578844,19.84956499973917,19.87830190878463,5900
2021-03-29,19.709474563598633,19.82801224943288,19.709474563598633,19.82801224943288,6700
2021-03-30,19.69151496887207,19.734618959689506,19.61967407067557,19.734618959689506,20600
2021-03-31,19.70588493347168,19.74898892759403,19.54783467127095,19.74898892759403,25400
2021-04-01,19.6843318939209,19.828013698721914,19.583755452710932,19.73462011452588,39400
2021-04-05,19.849567413330078,19.849567413330078,19.705886961385804,19.71307118952073,10800
2021-04-06,19.993247985839844,20.02916775401788,19.842383315190503,19.84956617262505,25600
2021-04-07,20.00761604309082,20.041380405266104,19.964512048084615,19.993247588004984,30700
2021-04-08,20.00761604309082,20.101008260646147,19.971694905376236,20.00761604309082,11600
2021-04-09,19.907039642333984,20.05072146289975,19.885488328425094,20.007617464830577,11800
2021-04-12,19.98606300354004,20.021984140613124,19.95445267696598,19.95732746413284,7100
2021-04-13,20.00761604309082,20.034196177723185,19.770542015179743,20.029167355468275,14600
2021-04-14,19.993247985839844,20.050720437075498,19.92859130691832,20.02916775401788,5100
2021-04-15,20.00761604309082,20.043535810554108,19.78491047026558,20.043535810554108,15000
2021-04-16,20.079456329345703,20.13692877766623,20.00043119906076,20.02198388102518,21100
2021-04-19,20.039945602416992,20.129746396795717,20.000433033650133,20.129746396795717,27800
2021-04-20,20.071556091308594,20.122563702782845,19.950146328862267,20.086642560142216,18600
2021-04-21,19.89985466003418,20.18003267294924,19.885486205461294,20.079456231441526,30400
2021-04-22,19.885486602783203,20.105318755185987,19.77557052658181,19.93577482454184,12800
2021-04-23,19.928590774536133,19.96451191200588,19.86393409734188,19.928590774536133,64800
2021-04-26,19.978878021240234,20.00402213111571,19.919250169178046,19.928589801489284,18300
2021-04-27,20.014802932739258,20.036354247983184,19.871121103272845,20.007618704240787,18100
2021-04-28,20.00761604309082,20.021984498176653,19.92140668282711,20.000431815547902,6400
2021-04-29,19.942956924438477,20.00761359415946,19.878300254717495,20.00761359415946,5100
2021-04-30,19.914220809936523,20.036349927573,19.866087996652222,19.9429577177339,17100
2021-05-03,20.180030822753906,20.180030822753906,19.97169236130219,19.97169236130219,12400
2021-05-04,20.11537742614746,20.259059241577624,20.075864858391597,20.129745881740746,20100
2021-05-05,20.065086364746094,20.19439970629888,19.971692786846347,20.19439970629888,10100
2021-05-06,20.10819435119629,20.11537857940482,19.921408528528787,20.00761789677972,7400
2021-05-07,20.065086364746094,20.180031252737205,20.065086364746094,20.180031252737205,10800
2021-05-10,19.935775756835938,20.144114251294685,19.914223073538064,20.144114251294685,5500
2021-05-11,20.00761604309082,20.00761604309082,19.727436649922243,19.8351986928147,10800
2021-05-12,19.619680404663086,19.86393871523647,19.515512507412478,19.86393871523647,17500
2021-05-13,19.7346248626709,19.878306702041723,19.60531285153904,19.60531285153904,5600
2021-05-14,20.093820571899414,20.093820571899414,19.73461747813485,19.79208991832714,6600
2021-05-17,20.072267532348633,20.259053289429296,19.92858575913245,20.0866346134695,15100
2021-05-18,20.151296615600586,20.151296615600586,19.99468511299038,20.07227285261186,10200
2021-05-19,20.11537742614746,20.15129719487933,19.97887983851394,20.07227342961895,3100
2021-05-20,20.28779411315918,20.294978340718796,20.151296530029114,20.151296530029114,10300
2021-05-21,20.215951919555664,20.315810346843627,20.19440060850148,20.287792820322455,7700
2021-05-24,20.255462646484375,20.366816101086606,20.255462646484375,20.266238301034207,9900
2021-05-25,20.3165283203125,20.323712546916266,20.208766291507178,20.323712546916266,6000
2021-05-26,20.24900245666504,20.352452326777133,20.158482278784128,20.352452326777133,11100
2021-05-27,20.22313690185547,20.316530487415278,20.187935146917948,20.309346260045196,11500
2021-05-28,20.029165267944336,20.259056414603567,19.993245504224756,20.244687961015273,40100
2021-06-01,20.16566276550293,20.19583569578138,20.057902104472593,20.07945478477912,29500
2021-06-02,20.424293518066406,20.424293518066406,20.16566678385688,20.16566678385688,8900
2021-06-03,20.521276473999023,20.53923635756327,20.32371501428977,20.32371501428977,8200
2021-06-04,20.632625579833984,20.632625579833984,20.488945161921094,20.524864923836546,6000
2021-06-07,20.61825942993164,20.654179193472004,20.524865852324865,20.639810739955397,7200
2021-06-08,20.61825942993164,20.625442286438794,20.517681625566563,20.625442286438794,8100
2021-06-09,20.61825942993164,20.61825942993164,20.570125247676135,20.61107520317334,10100
2021-06-10,20.474580764770508,20.618262581395754,20.46739653691411,20.618262581395754,11200
2021-06-11,20.49613380432129,20.49613380432129,20.47170770323557,20.49613380432129,18600
2021-06-14,20.691316604614258,20.71316643597899,20.552937117590428,20.640335053906284,11400
2021-06-15,20.531089782714844,20.65490272217338,20.531089782714844,20.65490272217338,6800
2021-06-16,20.582073211669922,20.67675304969835,20.56750665531377,20.589356489847997,8300
2021-06-17,20.516525268554688,20.64762149856834,20.516525268554688,20.574790105322613,14400
2021-06-18,20.509241104125977,20.552939382527928,20.3781448797769,20.552939382527928,9700
2021-06-21,20.5238094329834,20.5456578795002,20.45826131514629,20.516526154430014,11100
2021-06-22,20.5019588470459,20.545657127623695,20.458988477553795,20.5019588470459,13100
2021-06-23,20.392711639404297,20.545656309911077,20.392711639404297,20.53109114306036,19500
2021-06-24,20.32352066040039,20.545654367159106,20.32352066040039,20.450974540437613,9700
2021-06-25,20.356294631958008,20.450974458299235,20.298029802868847,20.385426351931038,15200
2021-06-28,20.38542938232422,20.399995939047674,20.302401675972494,20.399995939047674,11900
2021-06-29,20.421842575073242,20.487389291774353,20.399992743410813,20.407276020631624,9800
2021-06-30,20.319881439208984,20.49467595394867,20.28637946977446,20.49467595394867,41800
2021-07-01,20.443689346313477,20.458255899564275,20.341726251843834,20.341726251843834,12000
2021-07-02,20.38542938232422,20.392712660685945,20.349014379658886,20.37814610396249,9700
2021-07-06,20.5238094329834,20.53691877872215,20.385429918755804,20.392713197309188,16700
2021-07-07,20.669469833374023,20.669469833374023,20.49467532400697,20.545656882262783,8800
2021-07-08,20.764150619506836,20.784543242375737,20.60173754761717,20.62577111493698,8400
2021-07-09,20.421842575073242,20.756864992371966,20.363576357306762,20.756864992371966,39600
2021-07-12,20.43640899658203,20.51652366179244,20.407277275051175,20.450975551919047,12100
2021-07-13,20.283464431762695,20.4509756515247,20.283464431762695,20.4509756515247,19200
2021-07-14,20.356294631958008,20.43640790374117,20.31405217939686,20.36357652009394,12300
2021-07-15,20.414560317993164,20.437865972778514,20.3759588078796,20.399993762823637,4900
2021-07-16,20.509241104125977,20.56750593837632,20.363578323928508,20.39271143562529,14100
2021-07-19,20.48738670349121,20.54565152475369,20.3344420686058,20.48010481633345,12800
2021-07-20,20.531089782714844,20.567504781143708,20.45170303020807,20.531089782714844,15500
2021-07-21,20.6112060546875,20.61848933326115,20.52380949009041,20.545657936668007,9100
2021-07-22,20.392711639404297,20.687678147137248,20.356296638562657,20.66218736871945,9600
2021-07-23,20.491031646728516,20.609746426181985,20.44514825041744,20.450974316543043,9500
2021-07-26,20.531089782714844,20.59663789120131,20.44369184168517,20.59663789120131,13200
2021-07-27,20.429126739501953,20.589356077927427,20.39999501651575,20.589356077927427,11000
2021-07-28,20.429126739501953,20.487391574617604,20.413832272376965,20.414561572580475,9700
2021-07-29,20.356294631958008,20.472824290136334,20.33444480012091,20.407276183768136,15800
2021-07-30,20.370859146118164,20.399992254302912,20.31987759593791,20.392708977256724,16500
2021-08-02,20.392711639404297,20.42912664024594,20.37086180541337,20.42912664024594,14000
2021-08-03,20.421842575073242,20.512881456618736,20.378142911748384,20.378142911748384,21600
2021-08-04,20.502687454223633,20.53837593578385,20.392713143388026,20.392713143388026,10100
2021-08-05,20.61921501159668,20.67602262969176,20.52453379591407,20.538372439516145,12000
2021-08-06,20.71316909790039,20.71316909790039,20.512883813318403,20.654904262583027,12700
2021-08-09,20.538375854492188,20.735018817561883,20.538375854492188,20.735018817561883,8500
2021-08-10,20.421842575073242,20.633052057904376,20.38542618896919,20.633052057904376,6500
2021-08-11,20.43640899658203,20.538373494797963,20.409462397266047,20.480108662593075,8800
2021-08-12,20.378143310546875,20.618485906964732,20.334445035509933,20.48738969271079,33600
2021-08-13,20.5238094329834,20.5456578795002,20.392713197309188,20.392713197309188,12000
2021-08-16,20.538375854492188,20.571149913194358,20.4946761834604,20.52380929748159,15600
2021-08-17,20.538375854492188,20.538375854492188,20.465544458582546,20.53109257598689,10600
2021-08-18,20.349010467529297,20.531088224137825,20.349010467529297,20.516521670214814,110600
2021-08-19,20.494674682617188,20.508513327506837,20.341730012636216,20.341730012636216,10300
2021-08-20,20.5019588470459,20.545657127623695,20.399995729316604,20.399995729316604,14500
2021-08-23,20.5019588470459,20.589356797344788,20.4873922904722,20.58207351905794,4900
2021-08-24,20.5019588470459,20.56750696248424,20.436410731607552,20.56750696248424,15900
2021-08-25,20.538375854492188,20.54784286632007,20.436411344561353,20.436411344561353,9200
2021-08-26,20.473554611206055,20.582073093894838,20.407278586051074,20.56750653762204,5000
2021-08-27,20.538375854492188,20.566051757154984,20.458261180077248,20.458261180077248,12600
2021-08-30,20.516525268554688,20.59226969526732,20.44369387530896,20.509241990315786,14600
2021-08-31,20.392711639404297,20.596639255889908,20.356296638562657,20.51652458706641,56200
2021-09-01,20.516525268554688,20.566778916002807,20.458260431786762,20.465543710025663,12600
2021-09-02,20.538375854492188,20.596640693391233,20.465544458582546,20.552941022359448,17000
2021-09-03,20.596635818481445,20.596635818481445,20.494671332684053,20.494671332684053,6100
2021-09-07,20.45825958251953,20.59663908502765,20.450976304582976,20.59663908502765,5600
2021-09-08,20.443689346313477,20.516520723424495,20.37814124582786,20.516520723424495,10000
2021-09-09,20.429126739501953,20.576246733126474,20.429126739501953,20.472826407696125,16500
2021-09-10,20.538375854492188,20.538375854492188,20.45097790157195,20.487392904955104,13000
2021-09-13,20.45825958251953,20.567505973281424,20.45825958251953,20.538374250678427,6100
2021-09-14,20.405086517333984,20.61925567951927,20.390317347452157,20.560174774192276,8700
2021-09-15,20.375547409057617,20.58971516937098,20.360776830111888,20.39031798800335,10700
2021-09-16,20.47154998779297,20.560172038290645,20.390314634153118,20.40508380206964,10500
2021-09-17,20.47154998779297,20.55278675003253,20.442010243360215,20.47154998779297,9400
2021-09-20,20.43462371826172,20.51512096078344,20.375542824372477,20.42723843045061,12000
2021-09-21,20.382930755615234,20.493707269949052,20.37554546684634,20.478936692411263,8700
2021-09-22,20.589712142944336,20.589712142944336,20.397700279272883,20.397700279272883,11900
2021-09-23,20.52324676513672,20.67094830276934,20.375543818904408,20.60448211782477,21000
2021-09-24,20.5306339263916,20.545404505095746,20.390317654501956,20.545404505095746,9500
2021-09-27,20.589712142944336,20.626638584880947,20.490014271214815,20.530631244445487,10800
2021-09-28,20.34231185913086,20.589712687956087,20.080140453140007,20.589712687956087,21100
2021-09-29,20.611867904663086,20.63402376971386,20.353388446802946,20.353388446802946,12600
2021-09-30,20.442012786865234,20.68572169530778,20.442012786865234,20.6266407904914,80200
2021-10-01,20.5306339263916,20.59636201560511,20.47155302017493,20.47155302017493,11700
2021-10-04,20.168764114379883,20.54540543681656,20.168764114379883,20.54540543681656,10000
2021-10-05,20.065370559692383,20.29430887916143,20.02106023528543,20.29430887916143,9500
2021-10-06,20.124452590942383,20.16876291783557,19.976749623165233,20.0653716855515,5000
2021-10-07,20.117061614990234,20.286180887762374,20.109676327829064,20.146602763634913,9400
2021-10-08,20.190916061401367,20.209378577732554,20.106725465643475,20.124449875729333,17400
2021-10-11,20.213071823120117,20.30907775271271,20.15399092600167,20.227840990949954,4300
2021-10-12,20.46416664123535,20.523248952906176,20.257384184786826,20.257384184786826,4800
2021-10-13,20.57494354248047,20.722645088503153,20.456781742222415,20.530631810933873,14800
2021-10-14,20.589712142944336,20.840806313714364,20.508476787883254,20.619253296493625,32200
2021-10-15,20.449398040771484,20.744802564343868,20.449398040771484,20.582330428529026,16800
2021-10-18,20.634021759033203,20.678332076217213,20.36077175109937,20.449393794066978,10300
2021-10-19,20.722646713256836,20.84819381194948,20.552789288143227,20.552789288143227,21900
2021-10-20,20.55278968811035,20.818654469009772,20.49370878219936,20.72264711652947,19600
2021-10-21,20.707876205444336,20.74701696777705,20.617776528550472,20.64141001580776,8200
2021-10-22,20.648792266845703,20.78910992374163,20.648792266845703,20.766955468010472,7300
2021-10-25,20.67833709716797,20.815700944971468,20.523250245067175,20.656181228896457,11000
2021-10-26,20.656177520751953,20.877731937894396,20.64140835315553,20.64140835315553,7200
2021-10-27,20.737415313720703,20.85557711197326,20.586758527938777,20.744800602186455,15300
2021-10-28,20.707876205444336,20.75957181769505,20.555741793849613,20.75957181769505,6400
2021-10-29,20.626636505126953,20.737413002567887,20.530629174371775,20.737413002567887,11700
2021-11-01,20.55278968811035,20.868134357952755,20.530633820168763,20.68572207856006,27400
2021-11-02,20.634021759033203,20.818649723999428,20.567555578957393,20.670946788586612,10600
2021-11-03,20.704181671142578,20.796495661618014,20.62663825720714,20.62663825720714,9600
2021-11-04,20.67833709716797,20.796498910749506,20.674645156756014,20.737418003958737,17100
2021-11-05,20.626636505126953,20.80609490990513,20.596357248371863,20.77433803218167,17500
2021-11-08,20.60448455810547,20.72264636564587,20.582330099566555,20.693106618060696,10500
2021-11-09,20.611867904663086,20.626638481363603,20.589712039612312,20.60448261631283,94300
2021-11-10,20.36815643310547,20.61186528327049,20.309075542416966,20.61186528327049,14600
2021-11-11,20.205686569213867,20.41985429340701,20.168760128077327,20.41985429340701,9800
2021-11-12,20.190916061401367,20.2595979744091,20.168760196644122,20.213071926158616,8600
2021-11-15,20.117061614990234,20.235223392369953,20.064627907325278,20.235223392369953,6500
2021-11-16,20.1318359375,20.272153602487865,20.01367413812067,20.01367413812067,9600
2021-11-17,20.13922119140625,20.205687379517805,20.057984426247742,20.057984426247742,10500
2021-11-18,20.323850631713867,20.39770211362879,20.081617940064913,20.153993209329453,11400
2021-11-19,20.412471771240234,20.44201292815254,20.331236406931172,20.331236406931172,20000
2021-11-22,20.4567813873291,20.478935844118286,20.27215340155393,20.449396098866124,20600
2021-11-23,20.4567813873291,20.48632113258126,20.360774045910155,20.41246965655124,11000
2021-11-24,20.46416664123535,20.60448431425388,20.41247102712322,20.449397471917486,19900
2021-11-26,20.360774993896484,20.419855895751322,20.20568815475246,20.419855895751322,8200
2021-11-29,20.39031410217285,20.434624421965786,20.360772949911116,20.434624421965786,11100
2021-11-30,20.42723846435547,20.54540025233008,20.37554285819153,20.382928146014898,38800
2021-12-01,20.419858932495117,20.560176623492666,20.349700791296353,20.44940009211566,93100
2021-12-02,20.382930755615234,20.420593897156856,20.229320129861748,20.368160178077446,8100
2021-12-03,20.382930755615234,20.492969163652102,20.382930755615234,20.45678223470438,8200
2021-12-06,20.346004486083984,20.476721140353746,20.31646473935513,20.434626543470188,7300
2021-12-07,20.375547409057617,20.530634262187988,20.375547409057617,20.41247244782201,9800
2021-12-08,20.25738525390625,20.449398551170756,20.227844096511753,20.449398551170756,11600
2021-12-09,20.353389739990234,20.439796069718533,20.227842647258445,20.227842647258445,8500
2021-12-10,20.168764114379883,20.427243619024658,20.161378824692893,20.419858329337668,13400
2021-12-13,20.31646156311035,20.33123213846548,20.16137333908071,20.17614391443584,31900
2021-12-14,20.157657623291016,20.38238010349187,20.157657623291016,20.292491682911802,19900
2021-12-15,20.142677307128906,20.329946531416088,20.142677307128906,20.180132009236818,37200
2021-12-16,20.202600479125977,20.367398287058602,20.195109539788078,20.23256423647758,13700
2021-12-17,20.217588424682617,20.42733050283132,20.21009748309684,20.26253264544626,12300
2021-12-20,20.24005699157715,20.292492142895885,20.135185260188955,20.21009323153746,21700
2021-12-21,20.299983978271484,20.349423041516992,20.187622730668203,20.24005788429968,11100
2021-12-22,20.362905502319336,20.480510261472187,20.32245471154345,20.329945651640863,11600
2021-12-23,20.434818267822266,20.569650909153452,20.330696624842417,20.3823816848731,11700
2021-12-27,20.247547149658203,20.502233385157098,20.195860665711294,20.502233385157098,17100
2021-12-28,20.255041122436523,20.367402377570055,20.195113595697705,20.195113595697705,26000
2021-12-29,20.285001754760742,20.32245502707859,20.24754848244289,20.26252893411958,8500
2021-12-30,20.344928741455078,20.404854837046592,20.255040312443217,20.255040312443217,5600
2021-12-31,20.37489128112793,20.419835492937196,20.270019548571995,20.270019548571995,22100
2022-01-03,20.32245445251465,20.457288515048035,20.247547909996737,20.457288515048035,27300
2022-01-04,20.187625885009766,20.38987559079713,20.172644001988182,20.38987559079713,14700
2022-01-05,20.082748413085938,20.320955427534855,20.00784044806265,20.19510964624557,29400
2022-01-06,20.17264175415039,20.225076910132078,20.08275189478832,20.165150813474312,22600
2022-01-07,20.16514778137207,20.247546687668276,20.11271263327471,20.172638720921782,10000
2022-01-10,20.142677307128906,20.22507622301552,20.11271497419337,20.11271497419337,30200
2022-01-11,20.195114135742188,20.299985881588654,20.150169918237083,20.195114135742188,25400
2022-01-12,20.105224609375,20.24754962395818,20.097733668738957,20.225076802050047,29400
2022-01-13,20.217588424682617,20.285005470203593,20.105227158397994,20.105227158397994,18000
2022-01-14,20.247547149658203,20.277509479790073,20.075258393584953,20.262527600348808,9100
2022-01-18,20.13518714904785,20.217586068136026,20.097733874235512,20.172641852611047,12700
2022-01-19,20.16514778137207,20.23256480856885,20.075257935526153,20.195110110820288,13900
2022-01-20,20.120203018188477,20.240055190178754,20.120203018188477,20.240055190178754,9700
2022-01-21,20.17264175415039,20.210095028779925,20.090242835464394,20.1202065981687,14400
2022-01-24,20.187625885009766,20.187625885009766,19.95541098442823,20.172644001988182,14200
2022-01-25,20.180130004882812,20.202601395164834,20.127694855890553,20.165148125527693,13000
2022-01-26,19.98537254333496,20.292493967604656,19.95540878060092,20.210095048836887,129400
2022-01-27,19.9628963470459,20.2175825722334,19.7531557583625,20.04529525188615,21400
2022-01-28,19.940427780151367,20.120206065363938,19.828065101736556,20.007843386949126,30400
2022-01-31,20.030319213867188,20.081257045258337,19.865522784882856,20.007846389062088,13300
2022-02-01,20.05278778076172,20.082750112055443,19.92544465807428,20.067769660783938,12800
2022-02-02,20.150163650512695,20.18836700932185,20.000349162511952,20.060275243462343,44800
2022-02-03,20.03780174255371,20.10222267028024,20.000348479021067,20.00783798872726,11200
2022-02-04,19.820575714111328,19.91795651920007,19.753160102031863,19.887992754941713,15900
2022-02-07,19.850536346435547,19.940426196277258,19.798101196007337,19.820572586904746,9000
2022-02-08,19.700721740722656,19.83555581024294,19.655777527132827,19.83555581024294,14100
2022-02-09,19.83555793762207,19.97788296279693,19.73817855960829,19.768140895631397,18200
2022-02-10,19.6108341217041,19.700722552588058,18.869248137532622,19.700722552588058,24200
2022-02-11,19.47599983215332,19.75315891995356,19.468508891537006,19.62581578697791,31600
2022-02-14,19.539669036865234,19.539669036865234,18.989098521118066,19.42356303897843,15500
2022-02-15,19.7756290435791,19.820573255641005,19.498471402321492,19.543415614383395,23700
2022-02-16,19.708213806152344,20.06028088083094,19.550908335232787,19.550908335232787,25400
2022-02-17,19.917953491210938,19.962897702014995,19.798101309899643,19.798101309899643,31700
2022-02-18,20.00035285949707,20.059528857389317,19.67075863897051,19.917953947177747,8300
2022-02-22,19.9628963470459,20.022822433634097,19.8130818449507,19.9329340181271,18300
2022-02-23,19.98537254333496,20.097733796085922,19.95540878060092,20.00035442470198,10800
2022-02-24,19.955411911010742,19.98537567844521,19.6782542059973,19.81308830195025,14100
2022-02-25,19.955411911010742,20.03781084270445,19.932940514185965,20.02282895898722,24600
2022-02-28,20.00035285949707,20.150167375190424,19.887990186788635,20.007842370843615,44300
2022-03-01,20.157657623291016,20.322454013521597,19.992861233060435,20.00784168398999,21200
2022-03-02,19.99286460876465,20.15391627064335,19.940429449781057,20.127698691151554,157500
2022-03-03,19.8580265045166,20.060277587134898,19.8580265045166,20.060277587134898,30200
2022-03-04,19.723194122314453,20.052788348379266,19.723194122314453,19.91046334164093,23900
2022-03-07,19.5509090423584,19.715705460056107,19.51345433691511,19.715705460056107,19300
2022-03-08,19.522441864013672,19.648286231288886,19.36513497616889,19.595851078257546,17800
2022-03-09,19.60334014892578,19.820571680588177,19.588358269845443,19.595849209385612,26300
2022-03-10,19.648286819458008,19.73817667645312,19.513452748340743,19.5883607243782,10000
2022-03-11,19.47599983215332,19.85053829046396,19.47599983215332,19.72319515748831,66700
2022-03-14,19.36041259765625,19.63416595988889,19.155099026376813,19.63416595988889,38000
2022-03-15,19.421249389648438,19.565729052167264,19.4007175958984,19.459270048122836,15200
2022-03-16,19.733022689819336,19.85469053284537,19.54291650379177,19.54291650379177,74900
2022-03-17,19.86989974975586,20.098028064171295,19.71553418551193,19.74823189555905,138400
2022-03-18,19.748231887817383,19.923130697252557,19.702606805110275,19.816670237075662,63100
2022-03-21,19.687397003173828,19.80906485140518,19.588542420384044,19.7482309272895,8300
2022-03-22,19.672191619873047,19.755837367581314,19.51250164625671,19.687399014659356,10600
2022-03-23,19.618959426879883,19.771044968332838,19.618959426879883,19.725419886055036,10800
2022-03-24,19.83568000793457,20.09042306752177,19.62808494471489,19.69500182749115,57800
2022-03-25,19.63416862487793,19.83187925217109,19.61135680852561,19.8242748299219,13900
2022-03-28,19.755834579467773,19.862295030319153,19.634166735976287,19.72541834379245,31000
2022-03-29,19.92313003540039,19.96115069466072,19.809065156829043,19.824274000691247,43500
2022-03-30,19.92313003540039,20.029589041645455,19.75963858986965,19.953546272729618,12700
2022-03-31,19.93073081970215,20.075211919747108,19.75051053593779,19.968752925185044,61500
2022-04-01,19.873703002929688,19.972557592142604,19.873703002929688,19.96875610618625,5900
2022-04-04,19.90791893005371,20.01437792420533,19.702603912422717,19.76343783056579,23400
2022-04-05,19.520103454589844,19.875982552043347,19.520103454589844,19.793856829614864,11100
2022-04-06,19.48208236694336,19.740625442719683,19.36041307486704,19.36041307486704,15400
2022-04-07,19.42885398864746,19.69956591497551,19.398437749398905,19.398437749398905,9800
2022-04-08,19.56572914123535,19.721616162322253,19.375622947207656,19.383227369016183,44300
2022-04-11,19.36041259765625,19.644051852510525,19.36041259765625,19.56572761933073,56400
2022-04-12,19.375625610351562,19.57257624619598,19.284375436897392,19.47448165705483,15600
2022-04-13,19.451669692993164,19.649380349263538,19.413649026570013,19.520108052871194,55300
2022-04-14,19.354331970214844,19.50869898374853,19.354331970214844,19.451666542954293,12400
2022-04-18,19.284372329711914,19.39083133172041,19.25395464319799,19.360413645206485,18500
2022-04-19,19.36041259765625,19.375621440090296,19.28360982887788,19.375621440090296,14500
2022-04-20,19.34520721435547,19.43113442727962,19.322393948335552,19.360414607973553,8000
2022-04-21,19.36878204345703,19.466876629551315,19.291979260533743,19.4288545164636,31800
2022-04-22,19.36041259765625,19.42885093821441,19.307183099532136,19.42885093821441,8100
2022-04-25,19.352813720703125,19.480564543225242,19.322396029400515,19.322396029400515,25500
2022-04-26,19.329999923706055,19.482085475270082,19.329999923706055,19.352813191559253,73900
2022-04-27,19.003015518188477,19.504895768578457,18.91936832632508,19.421250027110258,30000
2022-04-28,19.444059371948242,19.444059371948242,18.94217918533426,19.04103520868263,47200
2022-04-29,19.466875076293945,19.489686891931118,18.96499482674346,19.375623462559677,60500
2022-05-02,19.41364097595215,19.49500522637267,19.100345535106026,19.428848365977803,20700
2022-05-03,19.489686965942383,19.733024120026098,19.1687884780816,19.42125006837579,30100
2022-05-04,19.368019104003906,19.48208398414425,19.223539436511153,19.451666296001438,19500
2022-05-05,19.272968292236328,19.508701052143696,19.21593729579064,19.291980074780263,8400
2022-05-06,19.056243896484375,19.352810536305007,19.010618817433166,19.314788428433076,22600
2022-05-09,18.896554946899414,19.444060233727434,18.88134610411098,19.056243444992766,19700
2022-05-10,18.95738983154297,19.246350607240032,18.805304296715995,19.246350607240032,33500
2022-05-11,19.044076919555664,19.314787350600707,19.041035441174657,19.056242833079693,40700
2022-05-12,18.736867904663086,19.222779339080653,18.645617734568923,19.025830160883647,22700
2022-05-13,18.333839416503906,19.284370262230656,18.273005500393193,18.790093062136773,33300
2022-05-16,18.645618438720703,19.010622033672327,18.243352736632005,18.333844353400107,21400
2022-05-17,18.577178955078125,18.99541203425928,18.432697830286614,18.790096980670597,19800
2022-05-18,18.797698974609375,18.812907817442667,18.453227241766296,18.6456148974617,17700
2022-05-19,18.714054107666016,18.820513111645848,18.569572994839707,18.805304268107257,10200
2022-05-20,18.577178955078125,18.873744176664935,18.4471466679634,18.78249400866681,9800
2022-05-23,18.584781646728516,18.820512917565157,18.584781646728516,18.599989039715133,9400
2022-05-24,18.668428421020508,18.8053051182655,18.59238710068015,18.691241687359746,8400
2022-05-25,19.253955841064453,19.32239418958349,18.767284429724818,18.767284429724818,10600
2022-05-26,19.398435592651367,19.539113765625082,19.132286639439794,19.132286639439794,15400
2022-05-27,19.725419998168945,19.755836236395282,19.421250363929435,19.421250363929435,10900
2022-05-31,19.573335647583008,19.74823301662003,19.147498133720383,19.74823301662003,53900
2022-06-01,19.36041259765625,19.66458364475698,19.170306418415816,19.66458364475698,5100
2022-06-02,19.124685287475586,19.451668215298223,19.056246932796647,19.2691664196195,33700
2022-06-03,19.27676773071289,19.345206074344382,19.04863943514288,19.139891043449907,16300
2022-06-06,19.34520721435547,19.497291303302667,19.238746756657715,19.34520721435547,9100
2022-06-07,19.352813720703125,19.55052291258868,19.322396029400515,19.322396029400515,14600
2022-06-08,19.2691650390625,19.352812233320524,19.166507514399083,19.352812233320524,12500
2022-06-09,18.926973342895508,19.383228525871832,18.9041615265036,19.170309053710817,18500
2022-06-10,18.87374496459961,18.995412827273306,18.42889711364804,18.820515455979287,41800
2022-06-13,18.303422927856445,18.69884413358143,18.115598217735844,18.69884413358143,19700
2022-06-14,18.402355194091797,18.649677671128366,18.278693955573512,18.355982598187,20000
2022-06-15,18.61103057861328,18.692182974688535,18.24777594321121,18.510556394066484,17000
2022-06-16,18.332792282104492,18.587843725171243,18.325063271810592,18.495098549960414,14800
2022-06-17,18.201400756835938,18.804250249327644,18.201400756835938,18.425537616893912,22600
2022-06-21,18.394622802734375,18.655858337287484,18.247776030323262,18.332792194835495,20700
2022-06-22,18.50437355041504,18.65740442512545,18.294149765204196,18.294149765204196,13000
2022-06-23,18.603303909301758,18.788795755453883,18.40235404076408,18.526015271532167,22900
2022-06-24,18.858354568481445,18.858354568481445,18.52678840531666,18.811981977483466,13000
2022-06-27,18.943374633789062,18.958832657482514,18.781068333324395,18.84289895393992,12500
2022-06-28,19.067035675048828,19.067035675048828,18.78879714811795,19.059306663283163,22700
2022-06-29,18.997472763061523,19.128862992074417,18.997472763061523,19.097946950349968,5900
2022-06-30,18.8428955078125,19.001336536297803,18.83516797153732,18.997472768160215,29900
2022-07-01,19.005205154418945,19.005205154418945,18.796526258130058,18.951103545934775,10300
2022-07-05,18.788795471191406,18.866084107791668,18.75015188997034,18.85062608563999,10300
2022-07-06,18.788795471191406,18.962694535002466,18.771792531319438,18.87381311886751,9300
2022-07-07,18.7192325592041,18.858351785828326,18.6264873908932,18.75014859807965,17600
2022-07-08,18.773340225219727,18.866085416245866,18.64967751358782,18.64967751358782,9700
2022-07-11,18.738557815551758,18.773337625910592,18.70764177338478,18.726963562660128,6300
2022-07-12,18.665132522583008,18.773337193517197,18.665132522583008,18.773337193517197,8200
2022-07-13,18.38689613342285,18.719234745197586,18.38689613342285,18.626489566056094,27600
2022-07-14,18.363710403442383,18.48737163383662,18.301879788245262,18.37143941461179,16400
2022-07-15,18.54920196533203,18.618761590634676,18.34670718275993,18.394624692624348,5800
2022-07-18,18.59557342529297,18.695275155714274,18.51055725722225,18.5492008359673,29700
2022-07-19,18.734695434570312,18.742424446292517,18.54920357571218,18.580119622600996,22100
2022-07-20,18.7192325592041,18.765606617517424,18.61489313923593,18.734690578641874,14100
2022-07-21,18.82744026184082,18.889270875420014,18.68754855389882,18.757880637294463,7700
2022-07-22,19.090219497680664,19.15591387539581,18.90472619483764,18.90472619483764,11100
2022-07-25,19.090219497680664,19.121134065382495,18.998245305058244,19.090219497680664,11500
2022-07-26,19.0129337310791,19.090222373212566,18.97815391582695,19.02066274270827,11000
2022-07-27,19.113405227661133,19.113405227661133,18.965784517009645,19.07476164914509,10700
2022-07-28,19.44574546813965,19.49984706816566,18.958829593747502,19.113405383227818,15300
2022-07-29,19.71625328063965,19.886287076984075,19.368455203846597,19.368455203846597,49500
2022-08-01,19.863100051879883,19.92029295226187,19.64669221186709,19.64669221186709,14200
2022-08-02,20.47368049621582,20.512325549591576,19.73480447073635,19.79354377254106,39500
2022-08-03,20.682361602783203,20.71327617467517,20.40721439473782,20.504598760469314,30900
2022-08-04,20.574159622192383,20.635990243837806,20.21863244211245,20.628261231862343,36500
2022-08-05,20.25727081298828,20.52005125587317,20.164525641474746,20.50459471005953,23900
2022-08-08,20.01767921447754,20.334561281827394,19.8708309597531,20.334561281827394,18200
2022-08-09,19.855377197265625,20.071783630202173,19.723986945486324,20.071783630202173,7500
2022-08-10,19.76262664794922,19.97903451253221,19.739441091351093,19.855373296815635,10400
2022-08-11,19.863100051879883,19.932659662092643,19.708522812705347,19.739438850203374,14100
2022-08-12,19.839916229248047,19.91720486132267,19.65442439676378,19.909475850699405,5000
2022-08-15,19.863100051879883,19.917201643343628,19.76958095485349,19.90947263396912,20300
2022-08-16,19.863100051879883,20.234083656909405,19.747166385420076,19.808996986258332,9000
2022-08-17,19.615781784057617,19.79354610219242,19.50757857018635,19.754901044268234,17900
2022-08-18,19.50757598876953,19.669882262256845,19.41483081034081,19.515304999331597,12300
2022-08-19,19.31435775756836,19.476664052991712,19.237069115660013,19.38391738787005,6400
2022-08-22,19.159780502319336,19.451156699699247,19.144322480272315,19.175237050208235,6100
2022-08-23,18.7192325592041,19.53848989951168,18.232316740177183,19.229335407387683,40700
2022-08-24,18.81970977783203,19.028388635137553,18.556929322149077,18.773337189816804,14500
2022-08-25,18.935640335083008,19.028386977190426,18.873809731730685,18.889267751108232,6100
2022-08-26,18.982011795043945,19.02838585043056,18.873808614124062,19.012927831968355,9500
2022-08-29,18.943374633789062,18.989747230711135,18.827442404404746,18.827442404404746,8800
2022-08-30,18.734695434570312,18.989746924770024,18.726966422848108,18.91245828170624,8100
2022-08-31,18.750152587890625,18.827441227367736,18.37143987602679,18.750152587890625,32600
2022-09-01,18.80270767211914,18.804254064044493,18.320429454446487,18.51828654219196,16400
2022-09-02,18.626493453979492,18.811985325138394,18.55306857482856,18.804256312903643,11400
2022-09-06,18.582435607910156,18.68059242785802,18.471913549459288,18.62649082401201,15000
2022-09-07,18.665132522583008,18.750150162426014,18.51828427398818,18.526013284351908,10900
2022-09-08,18.711509704589844,18.94182925783896,18.56466289409971,18.603306481247984,13600
2022-09-09,18.82744026184082,18.901636113640986,18.726964593425812,18.726964593425812,9100
2022-09-12,19.05157470703125,19.12113432801329,18.92018447563829,18.92018447563829,10200
2022-09-13,19.09794807434082,19.29889793490242,18.75401519778354,18.850625622621344,30400
2022-09-14,19.237712860107422,19.33586445633246,18.99429732081819,19.12778355159122,20300
2022-09-15,19.135639190673828,19.324090108515733,19.135639190673828,19.174899236929523,11000
2022-09-16,18.9393367767334,19.284829392097937,18.89222292199519,19.03356149086015,17300
2022-09-19,19.0100040435791,19.104230252803656,18.82155312280478,18.845110049529616,17100
2022-09-20,19.049266815185547,19.15134384221892,18.783079067445044,18.860815882272092,10000
2022-09-21,19.07282066345215,19.17489767400161,18.757949546796215,19.104228398361737,9900
2022-09-22,19.135639190673828,19.15919461935734,18.87416314902856,18.978596010301526,16900
2022-09-23,18.837255477905273,19.119932573949203,18.766586203894292,19.033558684008092,9400
2022-09-26,18.554582595825195,18.790147395252873,18.413245513378524,18.554582595825195,14800
2022-09-27,18.900074005126953,18.900074005126953,18.554579914498753,18.554579914498753,12800
2022-09-28,19.07282066345215,19.104228398361737,18.617395777028683,18.7822912527466,31000
2022-09-29,19.229862213134766,19.229862213134766,18.860812718625024,18.962889728536354,13200
2022-09-30,19.0100040435791,19.209449394964842,18.978596305620776,19.143490299670262,117400
2022-10-03,18.852962493896484,19.143490437216297,18.821553258037696,19.01000418016604,16000
2022-10-04,18.77444076538086,19.182751842526752,18.77444076538086,18.955039377231042,19000
2022-10-05,18.546730041503906,18.719476346716757,18.546730041503906,18.719476346716757,13900
2022-10-06,18.42109489440918,18.811347020446554,18.42109489440918,18.5545811544125,12600
2022-10-07,18.091306686401367,18.397539250866426,18.091306686401367,18.35827770563064,11800
2022-10-10,17.800777435302734,18.11486231221939,17.69084810280061,18.08345457336514,18600
2022-10-11,17.345354080200195,17.80077752853331,17.30609403200805,17.80077752853331,18800
2022-10-12,17.20401954650879,17.290393470004716,17.039125508207675,17.290393470004716,26900
2022-10-13,17.321796417236328,17.455282672166867,16.764295968668925,16.960599196644733,20800
2022-10-14,17.455280303955078,17.510244960703115,17.317868662084983,17.329646374909686,18400
2022-10-17,17.384613037109375,17.525951598008596,17.149049767393834,17.518099289328113,10600
2022-10-18,17.15690040588379,17.57306224171369,17.12156576909874,17.502394465818192,21400
2022-10-19,17.337501525878906,17.352421362399845,17.02341665175833,17.149050601406557,16300
2022-10-20,16.889928817749023,17.32964760050591,16.866371892759044,17.32964760050591,8300
2022-10-21,16.889928817749023,17.015562755679564,16.505174695627414,16.811407232123766,16600
2022-10-24,17.274682998657227,17.274682998657227,16.88600197221058,16.968450461118746,25600
2022-10-25,17.478839874267578,17.54950915726706,17.18045812434203,17.18045812434203,16600
2022-10-26,17.345354080200195,17.87851284330271,16.98337056498327,16.98337056498327,11300
2022-10-27,17.35320472717285,17.837680025599074,17.286460854429556,17.290387757477532,15600
2022-10-28,17.76151466369629,17.76858069245942,17.292742513874405,17.361055945407394,12900
2022-10-31,17.800777435302734,18.004148198106492,17.361058607619412,17.659438866271532,52300
2022-11-01,17.470989227294922,17.832186487941545,17.470989227294922,17.816483366194905,28700
2022-11-02,17.777217864990234,18.012782610912748,17.447428418838403,17.596619274821865,25700
2022-11-03,17.35320472717285,17.81648044030386,17.28253544905628,17.66728957564946,21800
2022-11-04,17.455280303955078,17.455280303955078,17.098793318893357,17.353203298233662,28100
2022-11-07,17.478839874267578,17.57306458648369,17.18045812434203,17.321796690340996,14400
2022-11-08,17.918560028076172,17.918560028076172,17.345354910067492,17.455284248404798,11000
2022-11-09,17.557361602783203,17.902854213829073,17.48669231923409,17.902854213829073,23400
2022-11-10,18.468204498291016,18.76658468849633,17.785068737239467,17.824330273894432,15200
2022-11-11,18.232643127441406,18.735180405404893,17.800776628465126,18.39753861639537,10800
2022-11-14,17.604473114013672,18.1619735489396,17.478839170997272,18.1619735489396,29300
2022-11-15,17.345354080200195,17.98137614649691,17.3375017710268,17.706551316127396,60000
2022-11-16,17.43172836303711,17.527524140758914,17.32179752989048,17.37676219762636,16000
2022-11-17,17.10193634033203,17.298239552007526,17.07052710758012,17.227570275990377,34300
2022-11-18,17.015565872192383,17.266833794074834,16.693628660071123,17.164756762438195,31200
2022-11-21,16.97630500793457,17.131777139478512,16.870301077653487,17.086234344074263,53800
2022-11-22,16.95274543762207,17.44664408931324,16.921336204948876,16.99985778895721,295100
2022-11-23,17.337501525878906,17.337501525878906,17.078381317520076,17.078381317520076,21500
2022-11-25,17.306093215942383,17.37676099982095,17.141197726426356,17.19616239037344,7100
2022-11-28,17.35320472717285,17.40816938844692,17.23620787774318,17.29824006589878,38500
2022-11-29,17.31394386291504,17.431726996170383,17.10193751793987,17.251126890760407,73900
2022-11-30,17.651586532592773,17.682995769078175,17.19616308727823,17.266832371695557,55200
2022-12-01,17.69084930419922,17.832186385153896,17.408172146939997,17.573066156891255,30400
2022-12-02,17.76936912536621,17.871447651733828,17.55736275843906,17.71440445624899,11900
2022-12-05,17.56521224975586,17.792923199231726,17.56521224975586,17.628029218336238,21800
2022-12-06,17.604473114013672,17.682994702817606,17.50632150242744,17.651585468226138,28600
2022-12-07,17.730106353759766,17.785071014439907,17.596620107390272,17.596620107390272,22800
2022-12-08,17.957822799682617,18.12271681842643,17.800779593348025,17.800779593348025,31800
2022-12-09,17.887147903442383,18.044189562908596,17.66728778298024,17.8714432881934,20600
2022-12-12,17.98137664794922,18.303313844662238,17.57934829171377,17.800778024949206,30600
2022-12-13,17.918560028076172,18.334723448127974,17.892648754471622,18.185532562045264,24700
2022-12-14,18.30837059020996,18.30837059020996,17.948912444208727,17.988853084642003,28000
2022-12-15,18.044769287109375,18.292395174859383,17.822704496263807,18.148611909849794,20800
2022-12-16,18.20612144470215,18.56398129198815,17.741222528393628,17.924946394541497,42500
2022-12-19,18.38026237487793,18.551204965503022,18.100683983798813,18.212514730798596,22500
2022-12-20,18.220500946044922,18.53203181703437,18.076717701523563,18.276416313674453,19700
2022-12-21,18.428186416625977,18.516054287467608,18.10707072911618,18.22848781822547,20400
2022-12-22,18.13263511657715,18.492091714685607,18.13263511657715,18.276416841672805,19500
2022-12-23,18.156597137451172,18.364283873329924,18.132634279497896,18.220500631292367,12500
2022-12-27,17.853055953979492,18.212512536125704,17.59744197816544,18.18854967813031,14300
2022-12-28,17.589454650878906,18.012814746231527,17.589454650878906,17.781165141457752,15000
2022-12-29,17.341827392578125,17.7691838401619,17.341827392578125,17.613417637086542,27000
2022-12-30,17.03030014038086,17.474429730240203,16.838589624702134,17.285914161285827,45200
2023-01-03,17.245973587036133,17.29390083101786,17.038286831675826,17.206034470981297,16400
2023-01-04,17.577470779418945,17.577470779418945,17.174080262238995,17.245971882897514,15200
2023-01-05,17.74921417236328,18.048762125572978,17.46164917331615,17.477623906233447,17100
2023-01-06,18.563987731933594,18.76368639710962,17.68531330044311,17.81312032426937,35900
2023-01-09,18.172576904296875,18.683804953839264,18.084709011939367,18.59593858506152,20700
2023-01-10,18.340322494506836,18.340322494506836,17.94092521171448,18.244467999841316,17700
2023-01-11,18.224496841430664,18.324346153368143,17.996840532099583,18.300381770014496,20900
2023-01-12,18.340322494506836,18.552004090420997,18.132637248204965,18.20452888099397,23400
2023-01-13,18.212514877319336,18.638273122244605,18.140623246932627,18.332335277016963,9900
2023-01-17,18.276416778564453,18.33233367119582,18.196538550535866,18.316357416158286,24400
2023-01-18,18.45614242553711,18.56397984172786,18.20052848652759,18.340316883304904,30200
2023-01-19,18.492094039916992,18.516058425569366,18.340322644611415,18.40422767301775,15500
2023-01-20,18.444164276123047,18.484903269100737,18.21251315049008,18.37227265255278,28300
2023-01-23,18.53203582763672,18.53203582763672,18.316360914179487,18.316360914179487,46500
2023-01-24,18.563987731933594,18.571975861370223,18.340324678447683,18.53203673776698,28300
2023-01-25,18.492094039916992,18.55599754474359,18.396239544466958,18.516058425569366,12100
2023-01-26,18.476116180419922,18.516056819709913,18.380261693283153,18.516056819709913,11700
2023-01-27,18.428186416625977,18.50007803393651,18.332331942598195,18.412210163094883,13300
2023-01-30,18.420202255249023,18.428190383734208,18.332335889071455,18.38026313640283,27500
2023-01-31,18.53203582763672,18.643866587097584,18.276420268957875,18.40422881008721,45900
2023-02-01,18.64386558532715,18.655847016459933,18.404227821192972,18.44416694068875,8000
2023-02-02,18.787647247314453,18.859538875125523,18.635875863760013,18.64386399169231,13600
2023-02-03,18.571969985961914,18.795632968690047,18.571969985961914,18.76368046105199,14100
2023-02-06,18.563987731933594,18.635879373283355,18.412216319797444,18.46813322585385,35700
2023-02-07,18.627887725830078,18.7237437373866,18.348309342668145,18.563984225985603,14000
2023-02-08,18.67581558227539,18.786049618285514,18.627888336715205,18.69179183865534,9100
2023-02-09,18.74770736694336,18.939417874344034,18.500081485331613,18.827587125921895,14200
2023-02-10,18.611909866333008,18.77166936396879,18.508067259375387,18.68380148791116,24000
2023-02-13,18.53203582763672,18.651854716141905,18.492095182415106,18.603927465455797,19400
2023-02-14,18.603923797607422,18.779658031196234,18.571971287729713,18.75569364878795,7200
2023-02-15,18.603923797607422,18.7812547425424,18.516055919023252,18.61191040149732,7100
2023-02-16,18.476116180419922,18.689394471131703,18.404226076857146,18.611911306846682,24400
2023-02-17,18.540019989013672,18.61989974534671,18.428189244295194,18.520850310130186,6100
2023-02-21,18.24446678161621,18.46014166558211,18.17497174437115,18.444165409678053,45000
2023-02-22,18.228490829467773,18.348309703585592,18.13263633960538,18.188551712621717,30200
2023-02-23,18.24446678161621,18.420201025821967,18.236478653664182,18.236478653664182,17500
2023-02-24,18.19654083251953,18.28440719908599,18.164588318437378,18.220503694501414,8600
2023-02-27,18.43617820739746,18.43617820739746,18.236479569308848,18.324347457613342,27300
2023-02-28,18.500080108642578,18.500080108642578,18.372273113219592,18.436176610931085,26600
2023-03-01,18.563987731933594,18.563987731933594,18.28440929597118,18.39624158450409,5800
2023-03-02,18.43617820739746,18.50008171064263,18.260443954368174,18.45215446410368,7300
2023-03-03,18.691791534423828,18.763683163383813,18.37227402992369,18.388250286043608,9200
2023-03-06,18.595937728881836,18.735726166123875,18.5559970871129,18.707768478675465,8900
2023-03-07,18.468130111694336,18.687798301630778,18.460141983604693,18.54800834543148,5900
2023-03-08,18.38026237487793,18.576766061448737,18.37227424672371,18.46813026099471,8000
2023-03-09,18.500080108642578,18.715754984761208,18.292393360185333,18.380261240880973,29100
2023-03-10,18.755693435668945,18.907464808704443,18.552001520041433,18.579959204076985,18700
2023-03-13,18.7077693939209,19.131131075905696,17.94092579381746,18.7077693939209,41900
2023-03-14,19.047292709350586,19.19349663511106,18.746759060809225,18.917332631399276,24900
2023-03-15,18.68177604675293,18.96606425296578,18.375556712932333,18.96606425296578,23500
2023-03-16,19.688968658447266,20.054482313622664,18.616797335594356,18.616797335594356,60600
2023-03-17,19.688968658447266,19.940766093542432,19.3843744622165,19.632111323030248,38800
2023-03-20,19.916399002075195,19.9976244286873,19.52651881343249,19.68896811741054,55100
2023-03-21,19.640230178833008,20.22505036346539,19.51027013780359,19.85953832903736,60500
2023-03-22,19.737703323364258,19.737703323364258,19.398182920406477,19.567131316877198,11700
2023-03-23,19.429044723510742,19.916395651960446,19.209736573321493,19.664596716893133,17400
2023-03-24,19.193492889404297,19.412801059115413,18.779246190055787,19.412801059115413,11500
2023-03-27,19.242231369018555,19.542763445553586,19.087903207171628,19.433109347602844,8500
2023-03-28,19.347820281982422,19.41280030575519,19.08790018689134,19.201614841182195,7100
2023-03-29,18.91733169555664,19.47372334858882,18.681778097643797,19.282843815745395,41800
2023-03-30,18.892963409423828,19.185374342004,18.81173797823531,18.96606614256887,33000
2023-03-31,18.8604736328125,19.161007279618705,18.55994153525262,18.998556408494323,107400
2023-04-03,19.11227035522461,19.15288229353188,18.746756713474593,18.746756713474593,34300
2023-04-04,19.022920608520508,19.108206601235533,18.76300050734367,19.08790063381472,15700
2023-04-05,18.77112579345703,19.12039405855885,18.763003095519057,18.974188594167742,13000
2023-04-06,18.795490264892578,18.99855304320558,18.576183641741537,18.779246420054537,16800
2023-04-10,18.827980041503906,18.901082761708736,18.68177460109425,18.68177460109425,12000
2023-04-11,18.85234832763672,18.941696449325686,18.714267120293567,18.787368298020954,14100
2023-04-12,18.91733169555664,19.00667827644922,18.80361547104005,18.91733169555664,48900
2023-04-13,18.763002395629883,18.917330552202284,18.763002395629883,18.917330552202284,19700
2023-04-14,18.584306716918945,18.758940848319142,18.462469347144584,18.55181747462735,40400
2023-04-17,18.54369354248047,18.990431051667162,18.454345420944687,18.454345420944687,29100
2023-04-18,18.46246910095215,18.63304265575867,18.19442627132435,18.50308258983284,151300
2023-04-19,18.633045196533203,18.67365714170549,18.275654191880765,18.332511534820526,168600
2023-04-20,18.243162155151367,18.59324379146272,18.226918307735463,18.421858419942982,75100
2023-04-21,18.33250617980957,18.42997698869634,18.062026428050483,18.36499696585381,8000
2023-04-24,18.478710174560547,18.511200958065903,18.40560746091932,18.429975548548338,6000
2023-04-25,18.454343795776367,18.49495727891881,18.36662084113305,18.37311992798342,107100
2023-04-26,18.397489547729492,18.4868376763507,18.1619375030639,18.381244151753595,4200
2023-04-27,18.381242752075195,18.42997893629177,18.226916149794384,18.42997893629177,17500
2023-04-28,18.584306716918945,18.681777542286163,18.259406547771906,18.397489313315173,52100
2023-05-01,18.714265823364258,18.714265823364258,18.503080354436996,18.503080354436996,13700
2023-05-02,18.48683738708496,18.644414317243836,18.392615331296042,18.633042850087886,13600
2023-05-03,18.54369354248047,18.68177629883299,18.397488088784137,18.397488088784137,11300
2023-05-04,18.0482177734375,18.49495678048917,17.98323775140674,18.421854062048823,17800
2023-05-05,18.616796493530273,18.763001948987352,18.186302824600663,18.186302824600663,9200
2023-05-08,18.90920639038086,18.990430261949026,18.568060862358013,18.568060862358013,16900
2023-05-09,18.763002395629883,18.974187886401022,18.681776968526187,18.974187886401022,115200
2023-05-10,18.54369354248047,18.93763584280157,18.511204302351345,18.763001723024963,184100
2023-05-11,18.600549697875977,18.787367077226225,18.397486924865877,18.397486924865877,7400
2023-05-12,18.65740966796875,18.72970059551788,18.486837658128643,18.56806308868184,31400
2023-05-15,18.892963409423828,18.892963409423828,18.576185931959472,18.576185931959472,10900
2023-05-16,18.941696166992188,18.941696166992188,18.673653355166678,18.763001475523875,6400
2023-05-17,19.290964126586914,19.290964126586914,18.71020445104682,18.80361314406603,11200
2023-05-18,19.290964126586914,19.451789811386657,19.177249465388932,19.21786140174648,8300
2023-05-19,19.16912841796875,19.437171249036165,19.120393780296364,19.26659769331352,9200
2023-05-22,19.234106063842773,19.37218881114681,19.014797897669418,19.144757948161924,9800
2023-05-23,18.966066360473633,19.227611663192036,18.966066360473633,19.124455101025568,11800
2023-05-24,18.827980041503906,19.193492093282085,18.81173464829262,19.063532046083715,18100
2023-05-25,18.811735153198242,19.128512583090806,18.803612456374587,18.90920596583611,18100
2023-05-26,18.93357276916504,19.006675492343927,18.779246175117194,18.779246175117194,16500
2023-05-30,18.892963409423828,19.315334412207132,18.892963409423828,18.96606614256887,37000
2023-05-31,19.559009552001953,19.567132250209667,18.89296379143215,18.89296379143215,113600
2023-06-01,19.656476974487305,19.851417049947592,19.461535349781013,19.469658046580943,37900
2023-06-02,19.69709014892578,20.078847627073273,19.549261085902696,19.68896745161463,72200
2023-06-05,19.648357391357422,19.737703971823365,19.53464116738384,19.63211199518316,11000
2023-06-06,19.67272186279297,19.737701891394625,19.550884502820626,19.57525259451353,11200
2023-06-07,19.623987197875977,19.705212620812176,19.583375261030916,19.583375261030916,26700
2023-06-08,19.61586570739746,19.648356498269163,19.465599672731294,19.591499163489864,8900
2023-06-09,19.526519775390625,19.680846389385625,19.49402898344669,19.56713171607431,8500
2023-06-12,19.323455810546875,19.67272250744707,19.17725035409063,19.510273205242683,15100
2023-06-13,19.209739685058594,19.401431009002263,19.047290382091205,19.242230475199758,12700
2023-06-14,19.20808982849121,19.298928245689424,18.75389931758715,19.199831647374374,19100
2023-06-15,19.042926788330078,19.249376563149617,18.861251553520123,19.108990653268858,12400
2023-06-16,19.175058364868164,19.18331654652801,19.001641275272636,19.158543576635566,17200
2023-06-20,19.042926788330078,19.373246113023985,19.042926788330078,19.17505451820764,5600
2023-06-21,18.993379592895508,19.218823342904688,18.993379592895508,19.042927098635275,12300
2023-06-22,18.993379592895508,19.14202368520162,18.927315726880213,18.927315726880213,10500
2023-06-23,19.026412963867188,19.059444110460603,18.905019444287706,19.026412963867188,7000
2023-06-26,19.15854263305664,19.232864689247737,18.935576464483347,18.935576464483347,12700
2023-06-27,19.125507354736328,19.232862121607766,19.067701668768695,19.067701668768695,5400
2023-06-28,19.15854263305664,19.381507226542915,19.051187851853044,19.21634832674149,19300
2023-06-29,19.216346740722656,19.24937788792191,19.018155132266454,19.142024690665718,10200
2023-06-30,19.711828231811523,19.798536772582896,19.21634838083836,19.21634838083836,63300
2023-07-03,19.81917953491211,19.86046886224176,19.530149518343933,19.587955206640192,11500
2023-07-05,19.72008514404297,19.87698744055501,19.433534282249607,19.87698744055501,11500
2023-07-06,19.455829620361328,19.70357033699317,19.406282107069778,19.70357033699317,8700
2023-07-07,19.439313888549805,19.505377761425706,19.38976480257765,19.38976480257765,2800
2023-07-10,19.608600616455078,19.61272891897877,19.37324642034747,19.37324642034747,11300
2023-07-11,19.381507873535156,19.691182592973266,19.32370217792064,19.61273223108029,18300
2023-07-12,19.579696655273438,19.62098755690782,19.431054134650196,19.431054134650196,9300
2023-07-13,19.356735229492188,19.668060645418315,19.340218866156892,19.513635955916204,18700
2023-07-14,19.265897750854492,19.50868326350856,19.175059323143596,19.43105824213118,23500
2023-07-17,19.08422088623047,19.42940436273675,19.08422088623047,19.29067069564417,9700
2023-07-18,19.10073471069336,19.406281106255648,19.10073471069336,19.15028379651663,13400
2023-07-19,19.183313369750977,19.26589359758699,19.084218356417228,19.166797009166405,20900
2023-07-20,19.125507354736328,19.154410197720143,18.91079939608026,19.100732814284424,39400
2023-07-21,19.075960159301758,19.19157153311812,19.001638111823574,19.067701979016757,26600
2023-07-24,18.952089309692383,19.158539077444644,18.927314770530888,19.108989999121658,46500
2023-07-25,18.985124588012695,19.05118846507715,18.9108025294293,19.04293028355821,58500
2023-07-26,18.828222274780273,19.03467208733307,18.76215839776686,18.919060696331368,111100
2023-07-27,18.80344581604004,18.98512105034232,18.753896736159327,18.910799005608027,782800
2023-07-28,18.877765655517578,18.95208769156974,18.762152724388326,18.803443619465416,753400
2023-07-31,19.15854263305664,19.208090145488367,18.844738045786,18.92731828323022,530600
2023-08-01,19.142024993896484,19.158541355301196,18.98512271072557,19.051186581257497,271600
2023-08-02,19.166797637939453,19.232863082445032,19.014850580767774,19.051186260228466,13100
2023-08-03,19.133766174316406,19.166797320936,19.067702305990355,19.067702305990355,16400
2023-08-04,19.175058364868164,19.34847702955079,19.100736305016625,19.100736305016625,18100
2023-08-07,19.24937629699707,19.265892656775097,19.208086972638764,19.257634476886086,14700
2023-08-08,19.29067039489746,19.29067039489746,19.133768101164822,19.133768101164822,10100
2023-08-09,19.323699951171875,19.3484744929034,19.23286311499674,19.23286311499674,23200
2023-08-10,19.55492401123047,19.55492401123047,19.28241035630567,19.364990585846765,31900
2023-08-11,19.63750457763672,19.63750457763672,19.55492434667903,19.55492434667903,34100
2023-08-14,19.753114700317383,19.777889240555965,19.44756833772208,19.571439463828185,45100
2023-08-15,19.695308685302734,19.720081650040015,19.677140059397058,19.695308685302734,46900
2023-08-16,19.753114700317383,19.772934017490886,19.41453719249077,19.65401811444986,63300
2023-08-17,19.645763397216797,19.736600236646503,19.439313600651275,19.695310907368174,178200
2023-08-18,19.65401840209961,19.671360107994385,19.554923389868563,19.554923389868563,592300
2023-08-21,19.662277221679688,19.700265166854145,19.57144038669519,19.67053540214862,349400
2023-08-22,19.67879295349121,19.736598639838824,19.625115569702647,19.67879295349121,554500
2023-08-23,19.744857788085938,19.744857788085938,19.5301498174919,19.695310279514054,19900
2023-08-24,19.802663803100586,19.802663803100586,19.73659993222209,19.73659993222209,79900
2023-08-25,19.81917953491211,19.81917953491211,19.73659930516593,19.761373846615847,15200
2023-08-28,19.753114700317383,19.8191785658668,19.711825375006548,19.8191785658668,44600
2023-08-29,19.79440689086914,19.81918143469384,19.703570047019305,19.711828228294205,48900
2023-08-30,19.81092071533203,19.893500942414185,19.720082308032982,19.744856848683675,48700
2023-08-31,20.025630950927734,20.050405494393193,19.786148422689312,19.802664784999617,104700
2023-09-01,20.14949607849121,20.157754257826817,19.951304499696608,19.951304499696608,51900
2023-09-05,20.050405502319336,20.190791431838424,20.00085641536883,20.04214732116092,13400
2023-09-06,20.017372131347656,20.07765543427932,19.976082801975757,19.976082801975757,79800
2023-09-07,19.984338760375977,20.04214444510275,19.910016715702476,19.984338760375977,5900
2023-09-08,20.124723434448242,20.265109335204674,19.951304815825978,19.951304815825978,9100
2023-09-11,20.083436965942383,20.309706092943134,20.066920603367254,20.174275385018554,54900
2023-09-12,20.083436965942383,20.182533566306116,20.050405815879156,20.050405815879156,8700
2023-09-13,19.959566116333008,20.179229314246424,19.959566116333008,20.1082102197991,6500
2023-09-14,20.184490203857422,20.20127602741709,20.01915480422582,20.050206816948545,17700
2023-09-15,20.07538414001465,20.243239162234513,20.033421184851747,20.11734709517755,31800
2023-09-18,20.134132385253906,20.226452805112498,20.059436598191876,20.075383609265383,24600
2023-09-19,20.100563049316406,20.218060605427084,20.01663553747272,20.01663553747272,25600
2023-09-20,20.134132385253906,20.239041371171727,20.066990698297865,20.10056234216793,33700
2023-09-21,20.14252471923828,20.14252471923828,19.89913511050448,20.050204302024213,32600
2023-09-22,20.14252471923828,20.260022267849614,20.100561766386818,20.11734598705698,130600
2023-09-25,20.150920867919922,20.36913177953568,19.995655996479893,20.066993347947044,32200
2023-09-26,19.99985122680664,20.142527527491072,19.82360487931754,20.142527527491072,33800
2023-09-27,20.14252471923828,20.23484513645235,19.941099664139983,19.99984843844565,48500
2023-09-28,20.41109275817871,20.56887564800663,19.98977917804367,20.04181266660825,101800
2023-09-29,20.587343215942383,20.679662049559973,20.37752521105388,20.37752521105388,97400
2023-10-02,20.545377731323242,20.82233742129999,20.268418041346493,20.55377064323578,356200
2023-10-03,20.4362735748291,20.478236534627644,20.268418534066328,20.478236534627644,33600
2023-10-04,20.37752342224121,20.52859102784083,20.293595907496403,20.486628070860526,29100
2023-10-05,19.957883834838867,20.436268501227204,19.91591928467433,20.436268501227204,78100
2023-10-06,19.77324867248535,19.92431789472829,19.6893211489299,19.873962020908767,79100
2023-10-09,19.983064651489258,20.100563812847348,19.907530048039128,19.907530048039128,48200
2023-10-10,20.22645378112793,20.24323960387295,19.781639083089836,20.058598755246038,25300
2023-10-11,20.184490203857422,20.30198936799087,20.125741422182816,20.30198936799087,13600
2023-10-12,19.991458892822266,20.24408026564368,19.974673068542554,20.14252810977104,13900
2023-10-13,20.05860137939453,20.176100553197244,20.02503133029688,20.02503133029688,28100
2023-10-16,20.050207138061523,20.14252756833402,20.025030003103037,20.050207138061523,28700
2023-10-17,20.595735549926758,20.671268556844147,19.991458688313312,19.991458688313312,168000
2023-10-18,20.335559844970703,20.625109704761943,20.30366741984564,20.562163665472298,142600
2023-10-19,20.100563049316406,20.377522717851676,20.100563049316406,20.285202294745204,25100
2023-10-20,20.05860137939453,20.251633563863052,19.99985259288536,20.02503133029688,11000
2023-10-23,20.16770362854004,20.38591450700895,19.999848614091935,19.999848614091935,24800
2023-10-24,20.486631393432617,20.730021065587675,20.145048001830137,20.285206285847977,120900
2023-10-25,20.52020263671875,20.562165599669612,20.33472294681296,20.545379774175498,23700
2023-10-26,20.335559844970703,20.553770753514726,20.26841815009441,20.511807794511146,35400
2023-10-27,20.234848022460938,20.688054060874908,20.17609923977619,20.335559763982147,23600
2023-10-30,20.427879333496094,20.486628113705063,20.201275523446462,20.201275523446462,39400
2023-10-31,20.637697219848633,20.679660176712233,20.394307587844,20.394307587844,36600
2023-11-01,20.612518310546875,20.788766249605338,20.524395141409734,20.562162442580533,47200
2023-11-02,20.587343215942383,20.746803747092923,20.553771566783738,20.587343215942383,11200
2023-11-03,20.629304885864258,20.73840953723467,20.578949016061316,20.578949016061316,18500
2023-11-06,20.6041259765625,20.763588097173386,20.43627254504219,20.62930471164345,21100
2023-11-07,20.545377731323242,20.89115833851226,20.436273078028755,20.56216355514832,9000
2023-11-08,20.52020263671875,20.68805608930662,20.52020263671875,20.654486039102817,22600
2023-11-09,20.511804580688477,20.553767533117234,20.310379527619197,20.511804580688477,21800
2023-11-10,20.41109275817871,20.47823444748387,20.3775227139182,20.41109275817871,34800
2023-11-13,20.427879333496094,20.5873414517663,20.280166971267683,20.352344730146218,19800
2023-11-14,20.562162399291992,20.688052869334904,20.47823488566866,20.49502070855016,59200
2023-11-15,20.730016708374023,20.730016708374023,20.495019998526683,20.520198731976652,93400
2023-11-16,20.713232040405273,20.79715955579826,20.60412579015913,20.654483259865447,14900
2023-11-17,20.629304885864258,20.75435654982255,20.6125190623352,20.654483621157848,20300
2023-11-20,20.667909622192383,20.738408155375833,20.56216182241721,20.56216182241721,26500
2023-11-21,20.63853645324707,20.64609055401357,20.570555949485502,20.570555949485502,42200
2023-11-22,20.6041259765625,20.805552655641634,20.56216301887848,20.595734665653076,47300
2023-11-24,20.730016708374023,20.813942618305674,20.653641697144355,20.713230886074044,7800
2023-11-27,20.704837799072266,20.748479976211073,20.545375690145065,20.67126615475744,59500
2023-11-28,20.77198028564453,20.77198028564453,20.629303993388536,20.629303993388536,30100
2023-11-29,20.990188598632812,20.990188598632812,20.679657318101565,20.771977731380794,14800
2023-11-30,20.981801986694336,21.15804835500603,20.85591149493106,20.881088632813047,84500
2023-12-01,20.981801986694336,21.28394044755376,20.830732756264627,20.85591149493106,60000
2023-12-04,20.973405838012695,21.18322382550876,20.75519493892268,20.847515365671896,30100
2023-12-05,20.990188598632812,21.015367329740958,20.824851626002328,20.8894752749842,44400
2023-12-06,20.939836502075195,21.174831631532918,20.780374377954413,20.923050678318425,16000
2023-12-07,20.79715919494629,20.939835488403517,20.654482901489057,20.939835488403517,31200
2023-12-08,20.780372619628906,20.948226040640943,20.763586797292465,20.771979708460687,29000
2023-12-11,20.84079933166504,20.93144052558267,20.713229651046145,20.713229651046145,14300
2023-12-12,20.68805503845215,20.93983760572124,20.68805503845215,20.839124258656735,28700
2023-12-13,20.805553436279297,20.948228138071904,20.595735438418235,20.654484221693846,27300
2023-12-14,20.9232120513916,21.03405149335354,20.81237098319256,20.846476427634453,30500
2023-12-15,20.727109909057617,21.016999694602802,20.675953366384103,20.889107524800437,40500
2023-12-18,20.88910675048828,20.947937504188822,20.548060434911406,20.820897487372907,26000
2023-12-19,20.83795166015625,20.95731747235745,20.667427677379777,20.79531985134352,218600
2023-12-20,21.05963134765625,21.157682064660566,20.735636118545575,20.735636118545575,18600
2023-12-21,20.965843200683594,21.153418275080774,20.78679286155418,20.965843200683594,21900
2023-12-22,21.12784194946289,21.235271182957497,20.846478509664692,20.897635055199657,16500
2023-12-26,20.906160354614258,21.255733046104602,20.906160354614258,21.05110524812761,19900
2023-12-27,21.18752670288086,21.18752670288086,20.889110513159668,20.914689601274308,13800
2023-12-28,20.573640823364258,21.306891726000636,20.462801364849092,21.18752590510163,153800
2023-12-29,20.573640823364258,20.718585731414766,20.40311845439959,20.607746272899597,211000
2024-01-02,20.667428970336914,20.67595533263287,20.568526094931006,20.57364061131872,30100
2024-01-03,20.786792755126953,20.8208982009721,20.59069132022886,20.675953308604562,36700
2024-01-04,20.9232120513916,20.965842230706865,20.76121444276683,20.803844622082092,117400
2024-01-05,20.99994659423828,21.059631123561473,20.897633510729946,20.897633510729946,17200
2024-01-08,20.984600067138672,21.119314301201758,20.95049624760492,21.042578674454365,20400
2024-01-09,20.99994659423828,21.068155858656215,20.94026369115223,20.94026369115223,27500
2024-01-10,20.99994659423828,21.05110476222959,20.965842775147884,20.965842775147884,39300
2024-01-11,21.025524139404297,21.059629582235704,20.991420322809912,20.991420322809912,59500
2024-01-12,20.991424560546875,21.14489420555951,20.974371835688576,20.974371835688576,61700
2024-01-16,21.01700210571289,21.153420652650563,20.982898282097153,21.01700210571289,36600
2024-01-17,21.12784194946289,21.213102316608744,20.974370686620734,21.017000870193662,42800
2024-01-18,21.18752670288086,21.18752670288086,21.059634514782463,21.076685613954822,21800
2024-01-19,21.18752670288086,21.221630527462978,21.0852119766597,21.15342125206134,24400
2024-01-22,21.178998947143555,21.23015549377065,21.059633129601234,21.136368762660524,46900
2024-01-23,21.18752670288086,21.213104164758096,21.076685613954822,21.110791064774343,10100
2024-01-24,21.24720573425293,21.24720573425293,21.187522832458722,21.23015301195827,41700
2024-01-25,21.332469940185547,21.383626486157787,21.161945951961712,21.27278703217839,27100
2024-01-26,21.298362731933594,21.33246817725477,21.221627106198085,21.221627106198085,18000
2024-01-29,21.34099578857422,21.346964079231284,21.16194544262494,21.23015471102532,15000
2024-01-30,21.1960506439209,21.349521902599726,21.1960506439209,21.349521902599726,37800
2024-01-31,21.11931610107422,21.247208281140306,21.057927269197066,21.247208281140306,102900
2024-02-01,21.18752670288086,21.271934929055586,21.09373833936458,21.11931742747922,64900
2024-02-02,21.170473098754883,21.205430696522697,21.058779866065596,21.102263826184387,112400
2024-02-05,21.13806915283203,21.204574114770075,21.127838495892256,21.1534159513602,17100
2024-02-06,21.144893646240234,21.192641599827923,21.110789823663094,21.110789823663094,7900
2024-02-07,21.170473098754883,21.26255553541319,21.119316550886346,21.119316550886346,8800
2024-02-08,21.27278709411621,21.315417278177655,21.153419651517066,21.153419651517066,14600
2024-02-09,21.3068904876709,21.3068904876709,21.196051035597577,21.196051035597577,14900
2024-02-12,21.22162628173828,21.315414626490707,21.178996102980133,21.30688826549166,31800
2024-02-13,21.255733489990234,21.255733489990234,21.012737873178228,21.161945137453245,17100
2024-02-14,21.26426124572754,21.315417793084492,21.16450459607976,21.315417793084492,8300
2024-02-15,21.34952163696289,21.35804637235034,21.247206923704294,21.247206923704294,28600
2024-02-16,21.41773223876953,21.41773223876953,21.349522967757796,21.349522967757796,7400
2024-02-20,21.369983673095703,21.41687785049202,21.347816433114804,21.37083744765296,9300
2024-02-21,21.387887954711914,21.387887954711914,21.289837234789214,21.333321191467654,4900
2024-02-22,21.41773223876953,21.41773223876953,21.340996605601667,21.41773223876953,4700
2024-02-23,21.477415084838867,21.477415084838867,21.3409965432142,21.349522905345403,15400
2024-02-26,21.46036148071289,21.468887842494517,21.392152212697102,21.392152212697102,6900
2024-02-27,21.43478012084961,21.485938286110805,21.42113924443627,21.42113924443627,7800
2024-02-28,21.485939025878906,21.485939025878906,21.35804523455955,21.35804523455955,10900
2024-02-29,21.5285701751709,21.5285701751709,21.40920436588268,21.426255462754437,24800
2024-03-01,21.52004623413086,21.532834964782413,21.438194454991233,21.4433105977468,6000
2024-03-04,21.45183563232422,21.55415034991515,21.38362636267602,21.443309270338535,11100
2024-03-05,21.42625617980957,21.528570895650113,21.3665732731681,21.38362599684773,34800
2024-03-06,21.323942184448242,21.53965441374496,21.25999528648446,21.409204172987558,58200
2024-03-07,21.52004623413086,21.528572596644352,21.332471137546143,21.332471137546143,9300
2024-03-08,21.592517852783203,21.592517852783203,21.434782597690084,21.520044590073915,12700
2024-03-11,21.554149627685547,21.554149627685547,21.485940360322882,21.54562326598556,7700
2024-03-12,21.477415084838867,21.59678090220113,21.460362360576458,21.537097993519996,81000
2024-03-13,21.502992630004883,21.528571716499616,21.417732260830366,21.417732260830366,271400
2024-03-14,21.51858139038086,21.622493130537073,21.51858139038086,21.622493130537073,24400
2024-03-15,21.57053565979004,21.579195246101683,21.47528186200916,21.47528186200916,24700
2024-03-18,21.51858139038086,21.596516021321687,21.492602629518142,21.51858139038086,21700
2024-03-19,21.605175018310547,21.631152126816588,21.527240389497855,21.587855844874998,17200
2024-03-20,21.709083557128906,21.735062313454662,21.535896803231672,21.535896803231672,30300
2024-03-21,21.62248992919922,21.735062891289907,21.605172409502032,21.683107028904175,34300
2024-03-22,21.6917667388916,21.7350646707972,21.59997809621673,21.59997809621673,11600
2024-03-25,21.648473739624023,21.68311209039821,21.59651786511022,21.68311209039821,8300
2024-03-26,21.687435150146484,21.71860833603281,21.57053322560223,21.579192810936657,18300
2024-03-27,21.674448013305664,21.687436566331947,21.64846925560597,21.683107599205563,20300
2024-03-28,21.648473739624023,21.735067964912016,21.64414477160099,21.653669822569647,60300
2024-04-01,21.6917667388916,21.70908591165384,21.605174178374845,21.605174178374845,14400
2024-04-02,21.674448013305664,21.726403877057923,21.64846925560597,21.726403877057923,19400
2024-04-03,21.709083557128906,21.7411238580993,21.63114893979869,21.648468110682522,46700
2024-04-04,21.648473739624023,21.691770026444285,21.59651786511022,21.65713332731757,51100
2024-04-05,21.61383056640625,21.66578808097485,21.596513046530486,21.596513046530486,12400
2024-04-08,21.579193115234375,21.61816042396529,21.570533529777833,21.613829805413495,14500
2024-04-09,21.596515655517578,21.6138331774854,21.57053689509489,21.57053689509489,5900
2024-04-10,21.527238845825195,21.5705351246621,21.527238845825195,21.561875538565285,27500
2024-04-11,21.51858139038086,21.603443030226146,21.440646759440035,21.475283455609663,28500
2024-04-12,21.56187629699707,21.665789682166796,21.527239603038645,21.527239603038645,40800
2024-04-15,21.544553756713867,21.570532511857547,21.52723623826505,21.53589582331294,28700
2024-04-16,21.492599487304688,21.60517244960433,21.440643624822517,21.52723783005753,99400
2024-04-17,21.587854385375977,21.66578900891971,21.518579347964568,21.518579347964568,11000
2024-04-18,21.57053565979004,21.648470284947628,21.561876073478395,21.561876073478395,31100
2024-04-19,21.544553756713867,21.561872926809652,21.518576653217156,21.518576653217156,13900
2024-04-22,21.579193115234375,21.638943098731577,21.52723725414217,21.579193115234375,20000
2024-04-23,21.62248992919922,21.657128271887764,21.570534066813483,21.570534066813483,10100
2024-04-24,21.62248992919922,21.683107028904175,21.61383034352708,21.683107028904175,14100
2024-04-25,21.579193115234375,21.605171871604,21.570533529777833,21.605171871604,8500
2024-04-26,21.57053565979004,21.657995334396272,21.57053565979004,21.579195246101683,20300
2024-04-29,21.579193115234375,21.613829805413495,21.570533529777833,21.587852700690917,16800
2024-04-30,21.605175018310547,21.648471300252137,21.57919625815722,21.587855844874998,23900
2024-05-01,21.648473739624023,21.660596832065494,21.57053910202958,21.605177452803765,22200
2024-05-02,21.648473739624023,21.691770026444285,21.58785827741667,21.58785827741667,32000
2024-05-03,21.648473739624023,21.674452502704664,21.622494976543386,21.622494976543386,4300
2024-05-06,21.63981056213379,21.700426014285732,21.44930461942094,21.700426014285732,89300
2024-05-07,21.579193115234375,21.683106489065825,21.55321435886475,21.663189277351076,47100
2024-05-08,21.648473739624023,21.648473739624023,21.54456033894894,21.54456033894894,43300
2024-05-09,21.657129287719727,21.683108045954675,21.58785425074036,21.58785425074036,26800
2024-05-10,21.63981056213379,21.671850866120042,21.63981056213379,21.63981056213379,6100
2024-05-13,21.665790557861328,21.70042725321971,21.60517510224869,21.60517510224869,49600
2024-05-14,21.70042610168457,21.735064446852157,21.605173955768116,21.605173955768116,14600
2024-05-15,21.735063552856445,21.735063552856445,21.693498201023868,21.700425209113586,14000
2024-05-16,21.709083557128906,21.77749312596713,21.66578728156636,21.66578728156636,10000
2024-05-17,21.74372100830078,21.78615181907534,21.717742253039084,21.778357697002736,14100
2024-05-20,21.787019729614258,21.787019729614258,21.743723450961227,21.750650459150393,4500
2024-05-21,21.795679092407227,21.795679092407227,21.743723228226376,21.743723228226376,16400
2024-05-22,21.821657180786133,21.821657180786133,21.769699666552302,21.769699666552302,36900
2024-05-23,21.787019729614258,21.843306213180927,21.76970055749418,21.76970055749418,21900
2024-05-24,21.821657180786133,21.830315114844677,21.78701883796358,21.830315114844677,11900
2024-05-28,21.85629653930664,21.85629653930664,21.79568108361675,21.79568108361675,14200
2024-05-29,21.843307495117188,21.864955635714185,21.830317289441183,21.864955635714185,7600
2024-05-30,21.87360954284668,21.882269127166488,21.86494995852687,21.86494995852687,6000
2024-05-31,22.081439971923828,22.124736252386356,21.873614852738683,21.890934025582585,179500
2024-06-03,22.21133041381836,22.28060545338724,21.994845708709704,22.02948405431776,30400
2024-06-04,22.07278060913086,22.21999027650102,22.038143914739365,22.21999027650102,15200
2024-06-05,21.91518211364746,22.029486021726726,21.882276343039955,22.029486021726726,11500
2024-06-06,21.951547622680664,22.053728421513227,21.890932174499834,21.890932174499834,9300
2024-06-07,22.02948570251465,22.02948570251465,21.892666539432454,21.95155107071286,3200
2024-06-10,22.03814125061035,22.072777940814714,21.90824912031461,22.0294816651475,10600
2024-06-11,22.05545997619629,22.16803294172342,21.942888662316296,22.107417491815184,19100
2024-06-12,22.04680061340332,22.116077301596352,21.9948447489057,22.116077301596352,13700
2024-06-13,22.090099334716797,22.104820466320362,22.012164709355435,22.012164709355435,14800
2024-06-14,22.02678680419922,22.057562620590684,21.965235171416296,22.02678680419922,37400
2024-06-17,22.05316734313965,22.07075400356004,22.00920236924492,22.00920236924492,17600
2024-06-18,22.05316734313965,22.07075400356004,22.035580682719257,22.063718333098134,11500
2024-06-20,22.04437255859375,22.132304177738334,21.98282092833938,21.98282092833938,7100
2024-06-21,22.035581588745117,22.07515073773982,22.035581588745117,22.061961580460355,7100
2024-06-24,22.088340759277344,22.088340759277344,22.035580777788542,22.035580777788542,44500
2024-06-25,22.05316734313965,22.11471897745477,22.044374012929453,22.11471897745477,55100
2024-06-26,22.09713363647461,22.111203301082284,22.061961990689944,22.061961990689944,3700
2024-06-27,22.1586856842041,22.1586856842041,22.07075405903737,22.07075405903737,6100
2024-06-28,22.14109992980957,22.15868659099386,22.08834162341303,22.15868659099386,37700
2024-07-01,22.1850643157959,22.26420261186488,22.12351268044364,22.202650976512622,7000
2024-07-02,22.22023582458496,22.246614136351926,22.105924216407644,22.105924216407644,13100
2024-07-03,22.33454704284668,22.369720363438017,22.158685471358705,22.20265044494164,12000
2024-07-05,22.299375534057617,22.328392014280062,22.19121908202681,22.19121908202681,5600
2024-07-08,22.24661636352539,22.369721313668133,22.24661636352539,22.24661636352539,6300
2024-07-09,22.299375534057617,22.41808297603579,22.2642022132539,22.378513828709732,6500
2024-07-10,22.37851333618164,22.39434065933247,22.246615063226894,22.246615063226894,3400
2024-07-11,22.536788940429688,22.55437560098728,22.48315180603216,22.55261794122528,3600
2024-07-12,22.59834098815918,22.59834098815918,22.290581154243363,22.501616037659765,5700
2024-07-15,22.532392501831055,22.598341638552558,22.532392501831055,22.54558165831287,6600
2024-07-16,22.38906478881836,22.58954869195736,22.290582174149197,22.58075536176815,11400
2024-07-17,22.4224796295166,22.4224796295166,22.37851465404674,22.37851465404674,4600
2024-07-18,22.51041030883789,22.554375282454707,22.49282364852867,22.49282364852867,10700
2024-07-19,22.475236892700195,22.53678852636464,22.42247858915299,22.42247858915299,4800
2024-07-22,22.404891967773438,22.492823591942088,22.38730530750846,22.491064255053097,21800
2024-07-23,22.36532211303711,22.492822880189266,22.352132956833845,22.387304599094612,8400
2024-07-24,22.387304306030273,22.431270954725903,22.343339334490803,22.422477624986776,13100
2024-07-25,22.40928840637207,22.45765088122412,22.2993743006742,22.334545942376316,13300
2024-07-26,22.431272506713867,22.466444150947687,22.352134210742424,22.360927541089946,8900
2024-07-29,22.352134704589844,22.404893010684354,22.34334137404804,22.378514696215255,6900
2024-07-30,22.37851333618164,22.422478309062416,22.34334001615205,22.34334001615205,7000
2024-07-31,22.14109992980957,22.48403143712158,22.02678830926802,22.34334150195992,141200
2024-08-01,22.29058265686035,22.30377181385166,22.185064369461035,22.185064369461035,23700
2024-08-02,22.24661636352539,22.290583016132192,22.17627139651081,22.237824710160336,16000
2024-08-05,22.070755004882812,22.18506494848896,21.62230520675472,22.141099972599594,24100
2024-08-06,22.132305145263672,22.1938567782088,22.07075351231854,22.185063448194324,14700
2024-08-07,22.14109992980957,22.2114448973904,22.08834162341303,22.14109992980957,10000
2024-08-08,22.149892807006836,22.158686137418986,22.098013331584553,22.158686137418986,5100
2024-08-09,22.114723205566406,22.149896533131972,21.859723289342323,22.07075822326602,40200
2024-08-12,22.132305145263672,22.229030098266712,21.94764856927207,22.09713182520576,43200
2024-08-13,22.255409240722656,22.255409240722656,22.141099300585978,22.167477614456452,28300
2024-08-14,22.29058265686035,22.299375987239983,22.202651030220302,22.255409335341817,22100
2024-08-15,22.352134704589844,22.352134704589844,22.212323600140895,22.22023810077541,14900
2024-08-16,22.360925674438477,22.360925674438477,22.299374044300304,22.299374044300304,11100
2024-08-19,22.369722366333008,22.369722366333008,22.255410741332398,22.360929035397856,14800
2024-08-20,22.33454704284668,22.38730534657745,22.325753712698848,22.37851369358585,19100
2024-08-21,22.343339920043945,22.36092657998309,22.343339920043945,22.35213325001352,10200
2024-08-22,22.37851333618164,22.37851333618164,22.316960026129863,22.367081839456404,6000
2024-08-23,22.369722366333008,22.421601844840946,22.3521357044627,22.378515697268163,7700
2024-08-26,22.413684844970703,22.457651494744667,22.360926542398143,22.422478174925494,12300
2024-08-27,22.356529235839844,22.38818555938728,22.33454674933726,22.38290922593667,17000
2024-08-28,22.37851333618164,22.422478309062416,22.334546686144655,22.334546686144655,60200
2024-08-29,22.448862075805664,22.448862075805664,22.343343775121067,22.422482081345393,38700
2024-08-30,22.4224796295166,22.510411257612635,22.352134662471038,22.352134662471038,41500
2024-09-03,22.47699737548828,22.51041136077478,22.37851475660442,22.51041136077478,14500
2024-09-04,22.58075714111328,22.615928787485373,22.413687208665806,22.510412171212717,17100
2024-09-05,22.615928649902344,22.615928649902344,22.54030902365764,22.54030902365764,11500
2024-09-06,22.615928649902344,22.633515311559588,22.580757003744214,22.615928649902344,10800
2024-09-09,22.633516311645508,22.633516311645508,22.542067679574707,22.58075800149895,13200
2024-09-10,22.695064544677734,22.73903119416068,22.549978794274487,22.6335129125578,27400
2024-09-11,22.84454917907715,22.853342509505108,22.545582653151673,22.598342635719433,27200
2024-09-12,22.84454917907715,22.906100814916577,22.73023923782625,22.853342509505108,51100
2024-09-13,23.028270721435547,23.280438562312202,22.920200016597608,22.920200016597608,53000
2024-09-16,23.415525436401367,23.505585493168837,23.064293104536215,23.224598940575632,20600
2024-09-17,23.694711685180664,23.76675939196626,23.41552703610558,23.46956238675657,23300
2024-09-18,23.415525436401367,23.68570388895107,23.262423855222483,23.68570388895107,40100
2024-09-19,23.379501342773438,23.48307152732494,23.298449179074517,23.433538408909723,52000
2024-09-20,23.316463470458984,23.415529722813393,23.235409576305926,23.334475828660334,48200
2024-09-23,23.316463470458984,23.397517364612042,23.235409576305926,23.397517364612042,45400
2024-09-24,23.361492156982422,23.397515152225893,23.235407379248116,23.235407379248116,48000
2024-09-25,23.34347915649414,23.4065206847457,23.199383743989774,23.4065206847457,50100
2024-09-26,23.388511657714844,23.496584091351863,23.262428583265873,23.388511657714844,45600
2024-09-27,23.838808059692383,23.865826594983407,23.280438739034395,23.442546515274746,125000
2024-09-30,23.40652084350586,23.766759377210178,23.40652084350586,23.73073638271616,603400
2024-10-01,23.091310501098633,23.415526026531488,23.02826897509841,23.415526026531488,42200
2024-10-02,23.04628562927246,23.25342260126831,23.04628562927246,23.091314808313967,20900
2024-10-03,23.073299407958984,23.127334755213393,23.04628087545542,23.127334755213393,9700
2024-10-04,22.97423553466797,23.09851839210531,22.929204642533406,23.0642956011842,9900
2024-10-07,22.983240127563477,23.073300187866785,22.902186245065778,22.992246305369086,14400
2024-10-08,23.041780471801758,23.073302956780633,22.92920581235128,22.92920581235128,5000
2024-10-09,23.055288314819336,23.140844429134205,22.920199080413244,23.073300670807566,54800
2024-10-10,23.019264221191406,23.145348998743113,22.947216513055942,23.055288934135568,18000
2024-10-11,23.100317001342773,23.101217103797417,22.938209236362727,22.938209236362727,429100
2024-10-14,23.028270721435547,23.136343144026366,22.98324154737855,23.136343144026366,17300
2024-10-15,23.118330001831055,23.18137153047009,23.064294651247998,23.064294651247998,8200
2024-10-16,23.15435218811035,23.262424603257074,23.090410559223418,23.163358365851977,99700
2024-10-17,23.091310501098633,23.217395270851828,23.019262797419415,23.02826897509841,8700
2024-10-18,23.091310501098633,23.14534756717261,23.037275152777408,23.109322856456625,7700
2024-10-21,23.064294815063477,23.118330166030322,23.010257746343793,23.10031780979043,15000
2024-10-22,23.028270721435547,23.100318430578465,23.01926454307357,23.01926454307357,5800
2024-10-23,23.109323501586914,23.127335857447747,23.019263440035548,23.019263440035548,7500
2024-10-24,23.055288314819336,23.136342199013555,22.947215896642778,23.136342199013555,46500
2024-10-25,23.019264221191406,23.13634282050707,23.019264221191406,23.064295112371607,5100
2024-10-28,23.082305908203125,23.091312086500466,23.001253739032787,23.019264377874602,5100
2024-10-29,23.09581756591797,23.11833215427774,23.055290619769185,23.055290619769185,10000
2024-10-30,23.109323501586914,23.136342035378163,23.09581509356769,23.109323501586914,5700
2024-10-31,23.136343002319336,23.23540752818854,23.055289115310885,23.136343002319336,61900
2024-11-01,23.091310501098633,23.20838909317283,23.0552875081354,23.109322856456625,19600
2024-11-04,23.109323501586914,23.14534821330858,23.082304967795665,23.09131114572608,16700
2024-11-05,23.118330001831055,23.158856944206555,23.042680167464212,23.082305289607135,28700
2024-11-06,23.127338409423828,23.189479841573714,23.05529069578322,23.05529069578322,8800
2024-11-07,23.109323501586914,23.181371207277447,23.028269617965964,23.028269617965964,6500
2024-11-08,23.100317001342773,23.19037706163755,23.100317001342773,23.13183776478303,42400
2024-11-11,23.145347595214844,23.235405936608412,23.145347595214844,23.18137058822172,9200
2024-11-12,23.190378189086914,23.22640290205735,23.145349015626724,23.145349015626724,8000
2024-11-13,23.037275314331055,23.08680843303652,22.974233787888743,23.08680843303652,13300
2024-11-14,23.145347595214844,23.22640147667126,23.01025664761898,23.01025664761898,9600
2024-11-15,23.131839752197266,23.235408229221065,23.06429598948762,23.06429598948762,42900
2024-11-18,23.15435218811035,23.208389254560096,23.100316839413374,23.19037689907685,9200
2024-11-19,23.262426376342773,23.388509438830155,23.190378666671,23.208391023527167,22000
2024-11-20,23.199382781982422,23.30745347800293,23.109322723463503,23.30745347800293,9900
2024-11-21,23.217397689819336,23.37049929080807,23.145349978633632,23.260624942328413,9500
2024-11-22,23.208389282226562,23.334472335254066,23.198483002024794,23.334472335254066,16300
2024-11-25,23.145347595214844,23.343478351134554,23.127335239835027,23.343478351134554,5400
2024-11-26,23.028270721435547,23.36059062955388,22.884175303149707,23.271432383950227,48500
2024-11-27,23.091310501098633,23.15345192465678,22.992245982135177,22.992245982135177,12800
2024-11-29,23.001253128051758,23.1165280845888,23.001253128051758,23.037276122531377,120400
2024-12-02,23.091310501098633,23.179570355251695,23.001252159814175,23.046281330456402,14000
2024-12-03,23.091310501098633,23.14534756717261,23.010256619740417,23.037275152777408,13500
2024-12-04,23.280437469482422,23.280437469482422,23.082304990325465,23.100317346203877,23600
2024-12-05,23.208389282226562,23.30745380199699,23.182270851418888,23.280436986492674,7300
2024-12-06,23.262426376342773,23.298451090055107,23.158857901049153,23.298451090055107,11400
2024-12-09,23.217397689819336,23.260624942328413,23.091312906929655,23.181372975350016,10700
2024-12-10,23.109323501586914,23.235406557107147,23.100317323656498,23.235406557107147,9100
2024-12-11,23.217397689819336,23.235408329301062,23.100319085546985,23.100319085546985,32600
2024-12-12,23.15435218811035,23.208389254560096,23.082304483930127,23.127335372638246,17300
2024-12-13,23.261173248291016,23.426930106782716,23.18750372856358,23.279591067327846,30500
2024-12-16,23.40851593017578,23.500603283269093,23.27959468969724,23.390098108273083,11600
2024-12-17,23.500600814819336,23.500600814819336,23.302613641211895,23.316426127978,15300
2024-12-18,23.371681213378906,23.5190220380244,23.279595613053303,23.50060421539118,26700
2024-12-19,23.344053268432617,23.417722793180626,23.27038374368461,23.279592653830615,26700
2024-12-20,23.441665649414062,23.48218450466516,23.281434469513044,23.325636537710587,7400
2024-12-23,23.344053268432617,23.491392317928632,23.27038374368461,23.334844358286617,13200
2024-12-24,23.30721664428711,23.39009507568366,23.2703827616775,23.34405228331666,14100
2024-12-26,23.362470626831055,23.45731906226163,23.32379250241453,23.445347303666512,7900
2024-12-27,23.39009666442871,23.459162614090374,23.344053868934306,23.362471689700094,13800
2024-12-30,23.472976684570312,23.472976684570312,23.321034044055093,23.34405544335495,31400
2024-12-31,23.22433853149414,23.50060055874587,23.132252945496866,23.371677576793743,136800
2025-01-02,23.2703857421875,23.339449939583854,23.214211912398575,23.2703857421875,12800
2025-01-03,23.251968383789062,23.408516359996135,23.224341650427743,23.270386206029944,12300
2025-01-06,23.24275779724121,23.388256123467798,23.24275779724121,23.24275779724121,10900
2025-01-07,23.215131759643555,23.27867201419909,23.159880051672705,23.224340670375383,14500
2025-01-08,23.19671630859375,23.270385839978218,23.18750739761817,23.18750739761817,22000
2025-01-10,23.1875057220459,23.380887569298427,23.178296811735773,23.205923542666152,17200
2025-01-13,23.169086456298828,23.30077052832202,23.169086456298828,23.187504275770305,16400
2025-01-14,23.1875057220459,23.353262594788095,23.169087901425645,23.169087901425645,8500
2025-01-15,23.228944778442383,23.298008970657232,23.187505560545457,23.298008970657232,7400
2025-01-16,23.28235626220703,23.334845119689913,23.205923886279276,23.233548861198656,7500
2025-01-17,23.288801193237305,23.334843986814338,23.224338823241474,23.31642616681553,9200
2025-01-21,23.35326385498047,23.56506353428242,23.242758681715895,23.261176503330013,10400
2025-01-22,23.371681213378906,23.5650648381872,23.295250586649512,23.295250586649512,6100
2025-01-23,23.39930534362793,23.555853305750297,23.353262548588425,23.48218377983507,9800
2025-01-24,23.472976684570312,23.565064038189934,23.399307152958652,23.49968129698773,4800
2025-01-27,23.574270248413086,23.611104131788963,23.50060072524136,23.519018545139286,10300
2025-01-28,23.419565200805664,23.58808493136426,23.419565200805664,23.47297618091465,5300
2025-01-29,23.50981330871582,23.601898909754333,23.399308128481252,23.54204362036335,7100
2025-01-30,23.55585289001465,23.601895684241544,23.49323300370286,23.56506180014403,7400
2025-01-31,23.298009872436523,23.583480831851546,23.298009872436523,23.583480831851546,31200
2025-02-03,23.42693519592285,23.500604731653855,23.29801219107839,23.29801219107839,18400
2025-02-04,23.462846755981445,23.804489792108008,23.43614214430772,23.804489792108008,8700
2025-02-05,23.436140060424805,23.509809583434354,23.362470537415255,23.42785151456299,5100
2025-02-06,23.459163665771484,23.505206463329998,23.408515534605034,23.408515534605034,7700
2025-02-07,23.454557418823242,23.51994015600083,23.42785280804962,23.477580573126097,5500
2025-02-10,23.592689514160156,23.592689514160156,23.490472890808412,23.50981107596036,3900
2025-02-11,23.592689514160156,23.61110557876671,23.528227140566916,23.584400967772144,7800
2025-02-12,23.546646118164062,23.574272851061,23.528228296232772,23.574272851061,6500
2025-02-13,23.5328311920166,23.574270408858983,23.436140271524376,23.519018705209138,240100
2025-02-14,23.55585289001465,23.55585289001465,23.509810095787753,23.509810095787753,4200
2025-02-18,23.6295223236084,23.657149053890127,23.57427061946495,23.61110450342058,5700
2025-02-19,23.624919891357422,23.65622807948953,23.59268958267724,23.601896736797215,6100
2025-02-20,23.6295223236084,23.647940143796216,23.546643889183226,23.601895593326674,6100
2025-02-21,23.620315551757812,23.70319399368561,23.620315551757812,23.634129796359222,12300
2025-02-24,23.740028381347656,23.740028381347656,23.574271506262004,23.574271506262004,5700
2025-02-25,23.77686309814453,24.02549841946756,23.565063419870896,23.565063419870896,13200
2025-02-26,23.94261932373047,23.94261932373047,23.620314481550082,23.887367617088714,20500
2025-02-27,23.85053062438965,23.98866076138175,23.71240048739754,23.88736626434487,16100
2025-02-28,23.804489135742188,23.850531931790126,23.730819608213434,23.730819608213434,16200
2025-03-03,23.753841400146484,23.79436025570625,23.675566537862856,23.73082000174075,4500
2025-03-04,23.592689514160156,23.666359041846633,23.51901998647368,23.666359041846633,18300
2025-03-05,23.546646118164062,23.592690672992294,23.500603319756006,23.574272851061,17400
2025-03-06,23.583480834960938,23.6387325421627,23.4913934853446,23.52822737133907,20600
2025-03-07,23.546646118164062,23.592690672992294,23.500603319756006,23.528228296232772,23000
2025-03-10,23.574270248413086,23.592688068311013,23.519018545139286,23.574270248413086,17100
2025-03-11,23.611103057861328,23.7308171253328,23.500599656339862,23.592686995221015,19000
2025-03-12,23.822908401489258,23.822908401489258,23.528228517083054,23.611106960131643,15200
2025-03-13,23.76765251159668,23.82290597227502,23.555852848256404,23.68477407699918,52400
2025-03-14,23.946287155151367,24.143725089528637,23.80150065165348,23.87107313092283,27200
2025-03-17,24.077913284301758,24.12492137745028,23.833467254793074,23.965091350203977,10700
2025-03-18,24.181333541870117,24.23774541042592,23.9575725602949,23.965093425471423,7200
2025-03-19,24.181333541870117,24.416377614454078,24.036547024380273,24.228343432333286,83800
2025-03-20,24.124921798706055,24.35996585504048,24.04970777240879,24.35996585504048,5700
2025-03-21,24.242441177368164,24.374065260691953,23.9838931023063,24.20013318012214,4100
2025-03-24,24.21894073486328,24.3223606975664,24.153128683413627,24.3223606975664,3700
2025-03-25,23.983896255493164,24.397574305924998,23.92748618283006,24.29415434500607,74100
2025-03-26,23.927486419677734,24.153128505807572,23.83346843547933,23.95569055966653,10500
2025-03-27,23.824066162109375,23.929365442347894,23.824066162109375,23.833468139736937,22000
2025-03-28,23.833465576171875,23.909619255546897,23.8240635995556,23.8240635995556,12900
2025-03-31,23.692440032958984,23.833466098808223,23.68303805613654,23.833466098808223,129900
2025-04-01,23.748851776123047,23.837228212596496,23.683039726966634,23.71124386618004,21600
2025-04-02,23.711244583129883,23.786458612046275,23.645432531983527,23.730048538669955,109100
2025-04-03,23.598421096801758,23.683037091513594,23.443291175415517,23.513805102089925,36500
2025-04-04,23.701839447021484,23.701839447021484,23.40098337144586,23.410385347963057,90300
2025-04-07,23.316370010375977,23.55141407013075,23.118933860939023,23.55141407013075,33200
2025-04-08,23.457395553588867,23.636027730144612,23.419787647002174,23.636027730144612,20800
2025-04-09,23.805261611938477,23.833467544116274,23.353977456556663,23.51098671320104,213600
2025-04-10,23.471500396728516,23.74885246424094,23.363380342375386,23.74885246424094,60000
2025-04-11,23.504405975341797,23.636030074965674,23.26466182342061,23.44799590310926,94200
2025-04-14,23.504405975341797,23.621928005218507,23.495003997762396,23.593722072480304,38800
2025-04-15,23.54201316833496,23.64543133206949,23.50440525916327,23.61722719343453,155400
2025-04-16,23.55141258239746,23.699021648502242,23.516627240119107,23.542012398655675,89900
2025-04-17,23.570219039916992,23.625689454752905,23.524150603065262,23.625689454752905,3800
2025-04-21,23.570219039916992,23.668937118884987,23.515688284906314,23.598424973869538,8300
2025-04-22,23.645431518554688,23.692441405390056,23.579619470228998,23.580559129992558,8700
2025-04-23,23.748851776123047,23.880475874435877,23.640731724902675,23.861671919464374,6600
2025-04-24,23.692440032958984,23.825943441404036,23.654832125669202,23.73944812382749,5600
2025-04-25,23.570219039916992,23.772357083467043,23.570219039916992,23.772357083467043,7400
2025-04-28,23.648250579833984,23.74884975781382,23.617225670687134,23.683037714250478,404000
2025-04-29,23.65483283996582,23.73944884067923,23.61722672478418,23.61722672478418,59600
2025-04-30,23.645431518554688,23.730047521614527,23.617227379697294,23.65483349592176,9800
2025-05-01,23.61722755432129,23.703722877547786,23.560815689701744,23.703722877547786,7300
2025-05-02,23.664234161376953,23.692440091914477,23.62662625399359,23.645430207685273,5600
2025-05-05,23.653894424438477,23.67833813160573,23.5420139395023,23.664236061826312,33100
2025-05-06,23.664234161376953,23.692440091914477,23.59842211669979,23.63602823083943,50000
2025-05-07,23.664234161376953,23.73662741052183,23.61722607039147,23.61722607039147,30200
2025-05-08,23.65483283996582,23.758252794891938,23.65483283996582,23.758252794891938,26400
2025-05-09,23.711244583129883,23.730048538669955,23.67928001060444,23.69244242083371,35000
2025-05-12,23.73944854736328,23.786456639070458,23.67363650167573,23.730046570373094,84000
2025-05-13,23.786457061767578,23.918082948725488,23.701841060595985,23.767654900696833,14600
2025-05-14,23.75825309753418,23.786457235968744,23.73944914308194,23.786457235968744,7600
2025-05-15,23.908681869506836,23.91808384701721,23.731928996097047,23.88987791448609,12300
2025-05-16,23.9556884765625,23.95756958924533,23.774235522284677,23.875774362551443,6000
2025-05-19,24.00269889831543,24.00269889831543,23.78645701065063,23.78645701065063,6300
2025-05-20,23.9744930267334,24.021501119292225,23.88987702553248,24.021501119292225,6300
2025-05-21,23.833465576171875,23.965089662312327,23.795857669706784,23.918081572474645,4400
2025-05-22,23.79585838317871,23.871072405120355,23.7770562226261,23.78645640628054,18700
2025-05-23,23.9556884765625,23.965090453489168,23.77705629468705,23.77705629468705,5100
2025-05-27,23.946287155151367,23.946287155151367,23.85227096979854,23.927484994027076,16000
2025-05-28,24.068510055541992,24.115518146246252,23.99329603446895,24.049706101962805,10900
2025-05-29,24.068510055541992,24.124920123035846,24.002698011258545,24.087314009121183,13100
2025-05-30,24.05910873413086,24.16252868838988,23.98389471100896,24.087314665267982,135600
2025-06-02,23.993295669555664,24.05628694051983,23.89927769633335,23.94628578632266,5600
2025-06-03,24.068510055541992,24.08637255617162,23.918082013395907,23.918082013395907,17400
2025-06-04,24.012102127075195,24.068512199594124,23.93688630605812,24.040306266712722,6400
2025-06-05,24.115520477294922,24.190734505638286,24.040306448951558,24.08731633744359,14700
2025-06-06,24.068510055541992,24.124920123035846,24.068510055541992,24.115518146246252,5200
2025-06-09,23.983896255493164,24.124922333772872,23.983896255493164,24.068512261109763,6300
2025-06-10,24.00269889831543,24.068510945031065,23.955689012630135,24.068510945031065,11000
2025-06-11,24.156888961791992,24.16723059934755,24.021502634035848,24.10329786792206,4800
2025-06-12,24.08731460571289,24.152185198653488,24.012100582776956,24.049706697623044,13600
2025-06-13,24.21028709411621,24.344788098631035,24.094999209932965,24.094999209932965,24200
2025-06-16,24.258323669433594,24.30635922095199,24.114215182439576,24.114215182439576,23700
2025-06-17,24.296754837036133,24.3274976649003,24.258324927876732,24.296754837036133,25200
2025-06-18,24.258323669433594,24.258323669433594,24.13343013602247,24.258323669433594,26200
2025-06-20,24.306358337402344,24.383216316501244,24.16224985564675,24.258322787630068,429800
2025-06-23,24.344789505004883,24.364004458885244,24.21989413722139,24.21989413722139,13100
2025-06-24,24.345748901367188,24.35439618006029,24.277538199508303,24.30828102524134,11400
2025-06-25,24.258323669433594,24.34959195029408,24.22950123905926,24.277538623016486,26200
2025-06-26,24.296754837036133,24.31308553274606,24.239109973297033,24.239109973297033,10400
2025-06-27,24.13343048095703,24.306359568358197,24.13343048095703,24.229501585366947,43300
2025-06-30,24.171857833862305,24.44086168251198,24.104607329809586,24.133429759734526,242100
2025-07-01,24.59457778930664,24.59457778930664,24.191072930165966,24.191072930165966,15300
2025-07-02,24.623397827148438,24.661827733068513,24.210287333140226,24.58496975366713,39700
2025-07-03,25.103761672973633,25.103761672973633,24.640693381982846,24.642613777893345,41900
2025-07-07,24.450469970703125,25.055726359705794,24.32557460265506,25.055726359705794,43300
2025-07-08,24.584970474243164,24.934674932122736,24.364004006042585,24.45046946445826,14200
2025-07-09,24.564794540405273,24.6426127175254,24.508111712024252,24.6426127175254,10900
2025-07-10,24.72907829284668,24.786721319420558,24.613792239698924,24.642612836766475,8100
2025-07-11,24.7261962890625,24.777116098637443,24.649338308171398,24.71562861446128,14700
2025-07-14,24.66855239868164,24.757900279357646,24.579204518005636,24.579204518005636,15100
2025-07-15,24.738685607910156,24.786721157668456,24.605144800548217,24.77711551366781,14700
2025-07-16,24.777114868164062,24.858775667113466,24.748292439596717,24.858775667113466,12400
2025-07-17,24.67143440246582,24.786720451577132,24.594576425578712,24.777114807850115,9100
2025-07-18,24.78672218322754,24.953890081263438,24.620518148021365,24.620518148021365,9800
2025-07-21,24.517719268798828,24.930831595549996,24.517719268798828,24.623397845279314,12800
2025-07-22,24.575363159179688,24.72139387501489,24.56575568235486,24.56575568235486,5300
2025-07-23,24.460073471069336,24.68104175691392,24.45046782738969,24.584008630288924,11800
2025-07-24,24.44086265563965,24.512915984662634,24.4216477015913,24.4216477015913,4400
2025-07-25,24.421646118164062,24.56287217314109,24.402431165361556,24.56287217314109,4900
2025-07-28,24.4888973236084,24.508112276962564,24.36400379168394,24.412039342630543,9800
2025-07-29,24.604185104370117,24.604185104370117,24.510032566319396,24.529247519590058,10300
2025-07-30,24.613792419433594,24.613792419433594,24.53116958686315,24.546540083427743,5800
2025-07-31,25.103761672973633,25.151799057318776,24.490820041215926,24.575363272248993,61200
2025-08-01,24.810741424560547,25.190226675592474,24.75117616851595,25.036510713352975,33300
2025-08-04,24.853975296020508,24.978868833916977,24.81554538747458,24.81554538747458,18700
2025-08-05,24.748294830322266,24.94043887534984,24.72427705374868,24.76750978455669,5900
2025-08-06,24.68584632873535,24.834759470468146,24.64357379730566,24.74829401171218,8900
2025-08-07,24.63396644592285,24.777114725168698,24.613791295773762,24.71466704651921,6500
2025-08-08,24.911617279052734,24.911617279052734,24.62339847439242,24.62339847439242,3400
2025-08-11,24.669513702392578,24.786721986972903,24.64261350043771,24.785761789028466,6700
2025-08-12,24.623397827148438,24.71947075950986,24.623397827148438,24.642612780108475,6300
2025-08-13,24.690650939941406,24.714668715678318,24.623398602463702,24.623398602463702,12900
2025-08-14,24.633005142211914,24.729078073943786,24.633005142211914,24.690650000714292,7300
2025-08-15,24.642614364624023,24.834760241701815,24.604186288671798,24.834760241701815,14900
2025-08-18,24.690650939941406,24.72523639040745,24.65222103281129,24.71274648734628,11300
2025-08-19,24.690650939941406,24.834759426801693,24.67143598637635,24.690650939941406,135500
2025-08-20,24.669513702392578,24.767508865890015,24.669513702392578,24.767508865890015,18400
2025-08-21,24.738685607910156,24.74829308434957,24.646455300042803,24.71947065503133,6700
2025-08-22,24.777114868164062,24.815542940481805,24.671434462522516,24.815542940481805,10300
2025-08-25,24.690650939941406,24.834759426801693,24.661828509593818,24.834759426801693,14200
2025-08-26,24.690650939941406,24.71947153785017,24.63300607924623,24.690650939941406,39900
2025-08-27,24.633005142211914,24.70986312110966,24.56575463973123,24.70986312110966,20800
2025-08-28,24.642614364624023,24.6522218417218,24.590736187222685,24.633006887526246,18700
2025-08-29,24.508113861083984,24.647419533247717,24.440863352436367,24.625322152218246,102000
2025-09-02,24.67143440246582,24.67143440246582,24.460073591697235,24.508110972525873,24200
2025-09-03,24.748294830322266,24.748294830322266,24.608989160781018,24.62339946023739,13800
2025-09-04,24.719470977783203,24.729078454348056,24.614752598372235,24.709863501218347,17200
2025-09-05,24.68104362487793,24.738686653511976,24.6137931193984,24.738686653511976,11400
2025-09-08,24.690650939941406,24.70794366517443,24.651260834864686,24.70794366517443,10100
2025-09-09,24.690650939941406,24.738686491415226,24.67143598637635,24.700256584285107,31900
2025-09-10,24.796329498291016,24.882794956820398,24.661828488329235,24.661828488329235,14500
2025-09-11,24.853975296020508,24.863580940718094,24.69065184957811,24.767509834231067,13900
2025-09-12,24.834758758544922,24.902009261774214,24.74829330226761,24.844366235068932,14800
2025-09-15,24.875972747802734,24.914241531513365,24.825927801960386,24.894617713975048,15500
2025-09-16,24.884803771972656,24.884803771972656,24.850459753284273,24.884803771972656,13200
2025-09-17,25.0810546875,25.149742723911498,24.8612529709832,24.91424008266838,18500
2025-09-18,25.051618576049805,25.08007451415565,24.94858464756618,25.0123671991782,9500
2025-09-19,25.159555435180664,25.159555435180664,24.95937940772568,24.973117014935507,26200
2025-09-22,25.188995361328125,25.257683401179357,25.022180748142823,25.110494476982613,15100
2025-09-23,25.18997573852539,25.23805736576126,25.041806093395678,25.08105559922532,15800
2025-09-24,25.149744033813477,25.17918256735538,25.061432176405205,25.100681682852358,11100
2025-09-25,25.149744033813477,25.17918256735538,25.041806487377272,25.041806487377272,9200
2025-09-26,25.128156661987305,25.161519958698563,25.061431940173485,25.120307135093608,236800
2025-09-29,25.002553939819336,25.20861992175642,24.924053058988218,25.20861992175642,16500
2025-09-30,25.022180557250977,25.10068144099761,24.933866829084927,25.10068144099761,100100
2025-10-01,25.12030601501465,25.208619739261398,25.000592312984494,25.000592312984494,27600
2025-10-02,25.11049461364746,25.223339518532754,24.924054310458896,25.061432262517762,5600
2025-10-03,25.149744033813477,25.20371374283594,25.041806487377272,25.110494527366324,5400
2025-10-06,25.26749610900879,25.287121797891196,25.081055807843338,25.081055807843338,5200
2025-10-07,25.316558837890625,25.36562306082977,25.218434135229803,25.277309331148043,6000
2025-10-08,25.159555435180664,25.33618288308333,25.12324997133105,25.33618288308333,189800
2025-10-09,25.11049461364746,25.149744120229478,25.051619417970077,25.051619417970077,4100
2025-10-10,25.13011932373047,25.395058629761632,25.012367065354333,25.04180559785053,17000
2025-10-13,25.22824478149414,25.316558510032174,25.110494391182574,25.287121848258636,3200
2025-10-14,25.25768280029297,25.320484629240536,25.03199299711993,25.277308488814626,2700
2025-10-15,25.17427635192871,25.34305240649902,25.071242423319973,25.25768272046915,3100
2025-10-16,25.221376419067383,25.345997487130976,25.130120520041405,25.130120520041405,6700
2025-10-17,25.36562156677246,25.36562156677246,25.24394454698075,25.30674637432202,6300
2025-10-20,25.39800262451172,25.46374849314083,25.316557702533114,25.316557702533114,5700
2025-10-21,25.355810165405273,25.395059672069163,25.21843408466857,25.395059672069163,6900
2025-10-22,25.306747436523438,25.47356017686655,25.247870369993127,25.47356017686655,6500
2025-10-23,25.19978904724121,25.344033931606827,25.130120284095685,25.277309208984295,7500
2025-10-24,25.27730941772461,25.3361846138445,25.21843422160472,25.3361846138445,3400
2025-10-27,25.37543487548828,25.38524771967783,25.238056928443264,25.238056928443264,11000
2025-10-28,25.179182052612305,25.33716454135746,25.174276566259962,25.247870091197154,9400
2025-10-29,25.13993263244629,25.25768302138963,25.13993263244629,25.211564711729576,5000
2025-10-30,25.159555435180664,25.18899396703398,25.120305930984856,25.18899396703398,5700
2025-10-31,25.13011932373047,25.232170657120236,25.13011932373047,25.159555984618013,25900
2025-11-03,25.191938400268555,25.238056708788527,25.130119166860226,25.149742983459873,16500
2025-11-04,25.186050415039062,25.207637549184895,25.149743078876845,25.198807299583713,4300
2025-11-05,25.218433380126953,25.247870041400297,25.1497434700689,25.1497434700689,12400
2025-11-06,25.218433380126953,25.218433380126953,25.17918200295092,25.218433380126953,15400
2025-11-07,25.2351131439209,25.301839736443,25.149743457375664,25.287121405813757,6700
2025-11-10,25.208620071411133,25.234131968818602,25.169368694958234,25.169368694958234,2800
2025-11-11,25.28221321105957,25.30772697968838,25.28221321105957,25.30772697968838,1500
2025-11-12,25.326370239257812,25.413703240986713,25.211563894500784,25.306746422809148,3900
2025-11-13,25.220394134521484,25.34010783705215,25.179181312581843,25.267495037197826,12700
2025-11-14,25.306747436523438,25.311652922929948,25.245908924074005,25.245908924074005,4200
2025-11-17,25.27338409423828,25.36562258570567,25.218433662862704,25.36562258570567,3200
2025-11-18,25.198806762695312,25.326369990598,25.179181074830712,25.179181074830712,5700
2025-11-19,25.24786949157715,25.316557528530705,25.159555766462965,25.159555766462965,8700
2025-11-20,25.24786949157715,25.24786949157715,25.159555766462965,25.159555766462965,11500
2025-11-21,25.27730941772461,25.27730941772461,25.16936999849753,25.16936999849753,9400
2025-11-24,25.221376419067383,25.26259111516753,25.221376419067383,25.234133304250552,5700
2025-11-25,25.23805809020996,25.257683779492474,25.169370049329906,25.257683779492474,9600
2025-11-26,25.218433380126953,25.265532412486042,25.169369158656913,25.21941410307375,13600
2025-11-28,25.218433380126953,25.247870041400297,25.18899484724493,25.247870041400297,47900
2025-12-01,25.25768280029297,25.25768280029297,25.208620450597497,25.24786995603214,13800
2025-12-02,25.24786949157715,25.316557528530705,25.218432830944845,25.25768233565746,24700
2025-12-03,25.23805809020996,25.306748002698754,25.228245245568704,25.228245245568704,10400
2025-12-04,25.29202651977539,25.35580907091083,25.26749534521827,25.26749534521827,10700
2025-12-05,25.306747436523438,25.36562263144505,25.277308903258284,25.306747436523438,10100
2025-12-08,25.296934127807617,25.355809321648646,25.287121283566,25.296934127807617,8800
2025-12-09,25.345996856689453,25.44412342896533,25.287121661967404,25.330295931346182,34200
2025-12-10,25.316558837890625,25.424498256748006,25.277309331148043,25.424498256748006,10000
2025-12-11,25.404870986938477,25.424496674893067,25.287120602428164,25.287120602428164,16400
2025-12-12,25.37543487548828,25.415665103574177,25.32637065454054,25.32637065454054,13600
2025-12-15,25.031993865966797,25.071243372763767,24.973118669966972,24.973118669966972,20000
2025-12-16,25.071243286132812,25.18899554933432,24.973118583675074,25.031993779471463,79000
2025-12-17,25.12030601501465,25.16936836332568,25.042785857667635,25.11343721138676,20000
2025-12-18,25.09086799621582,25.128156055473912,25.061431335270616,25.061431335270616,18200
2025-12-19,25.071243286132812,25.1791827047668,25.0516194686065,25.12030750897041,32400
2025-12-22,25.16446304321289,25.242963923993784,25.071241960554644,25.090867648652026,31100
2025-12-23,25.11049461364746,25.156612924251984,25.071243235456723,25.100681769099776,33000
2025-12-24,25.051618576049805,25.169368963447287,25.051618576049805,25.164463477142668,10500
2025-12-26,25.022180557250977,25.17918232474425,25.002554868412144,25.17918232474425,16000
2025-12-29,25.071243286132812,25.071243286132812,24.992742401201383,24.992742401201383,41300
2025-12-30,25.071243286132812,25.11049466440289,25.022180934903943,25.076150644220935,175500
2025-12-31,24.97311782836914,25.120306749212784,24.97311782836914,25.10068106067132,466900
2026-01-02,25.10068130493164,25.159556499520292,25.04180611034299,25.10068130493164,41500
2026-01-05,25.10068130493164,25.119326270710072,25.051618954709213,25.051618954709213,9300
2026-01-06,25.071243286132812,25.081056130700333,25.0516194686065,25.0516194686065,15000
2026-01-07,25.10068130493164,25.13011983803031,25.061431799075436,25.061431799075436,8000
2026-01-08,25.061431884765625,25.11932635659821,25.05161904036585,25.05161904036585,4500
2026-01-09,25.071243286132812,25.12030750897041,25.06143231317402,25.12030750897041,12300
2026-01-12,25.0810546875,25.105585861702874,25.051618027099998,25.051618027099998,11800
2026-01-13,25.10068130493164,25.104606068356393,25.081055616199194,25.081055616199194,6600
2026-01-14,25.095775604248047,25.108530617367396,25.08105540202007,25.08105540202007,9000
2026-01-15,25.115400314331055,25.159557179367898,25.08105629392559,25.08105629392559,5000
2026-01-16,25.0810546875,25.15955556791437,25.0810546875,25.090867531502873,4700
2026-01-20,25.12030601501465,25.13993170298251,25.02217944678397,25.08105463907893,20100
2026-01-21,25.414684295654297,25.47355948898606,25.081055080759896,25.081055080759896,84100
2026-01-22,25.39505958557129,25.444123808244946,25.36562292357582,25.375435768110552,24000
2026-01-23,25.434310913085938,25.483373264053217,25.3705283595415,25.385248562118658,8100
2026-01-26,25.444122314453125,25.48337181867904,25.400946175356868,25.48337181867904,8500
2026-01-27,25.39505958557129,25.463749497314407,25.367584369517534,25.375435768110552,5100
2026-01-28,25.36562156677246,25.3999655850026,25.36562156677246,25.36562156677246,6500
2026-01-29,25.355810165405273,25.441179854378618,25.326371631700813,25.41468536120547,7500
2026-01-30,25.37543487548828,25.41468438063782,25.32637065454054,25.355809187109184,11800
2026-02-02,25.39505958557129,25.40487243010602,25.296934883441423,25.40487243010602,7100
2026-02-03,25.434310913085938,25.444123757601137,25.36562287308826,25.444123757601137,8300
2026-02-04,25.414684295654297,25.45393567228124,25.3459962581658,25.45393567228124,6300
2026-02-05,25.326370239257812,25.44412249599292,25.316557395229168,25.3950582758497,9300
2026-02-06,25.424497604370117,25.434310448706153,25.36562240996258,25.434310448706153,9700
2026-02-09,25.39211654663086,25.45393578063366,25.326370677661732,25.356789933194506,9800
2026-02-10,25.36562156677246,25.4951481131286,25.316557346723243,25.375434410782304,8800
2026-02-11,25.50299835205078,25.50299835205078,25.346977309670898,25.424497469387944,5500
2026-02-12,25.49318504333496,25.50299788744013,25.385247501395376,25.439215336560846,6800
2026-02-13,25.39505958557129,25.49318615930988,25.35581007904109,25.414685274640753,10300
2026-02-17,25.48337173461914,25.493184578545403,25.390152524732553,25.414683698743907,16000
2026-02-18,25.49318504333496,25.50299788744013,25.434309850312584,25.434309850312584,7100
2026-02-19,25.49318504333496,25.5128107315453,25.41174012170983,25.5128107315453,8700
2026-02-20,25.453935623168945,25.591311697880876,25.40977876035316,25.51281081638711,4700
2026-02-23,25.450992584228516,25.581499860340134,25.41468524665087,25.581499860340134,9200
2026-02-24,25.414684295654297,25.49416777184126,25.38524763479274,25.38524763479274,8300
2026-02-25,25.404870986938477,25.493184711125522,25.395058142961183,25.414683830915774,7000
2026-02-26,25.42351722717285,25.47356030087592,25.395059416728717,25.395059416728717,2900
2026-02-27,25.25768280029297,25.59131201872645,25.25768280029297,25.42449740950971,99300
2026-03-02,25.434310913085938,25.453936602116336,25.25768345502978,25.25768345502978,22600
2026-03-03,25.424497604370117,25.493185643113687,25.37543525429862,25.37543525429862,11300
2026-03-04,25.54224967956543,25.56187349648651,25.404871731465846,25.404871731465846,6500
2026-03-05,25.5128116607666,25.561874011470746,25.463749310062457,25.561874011470746,5600
2026-03-06,25.453935623168945,25.51281081638711,25.33618336512397,25.453935623168945,19900
2026-03-09,25.53243637084961,25.58149871967284,25.424496957508136,25.453935489767257,8000
2026-03-10,25.5128116607666,25.591312544858457,25.47356028291632,25.591312544858457,15500
2026-03-11,25.610937118530273,25.610937118530273,25.532436237856814,25.610937118530273,11800
2026-03-12,25.65999984741211,25.65999984741211,25.541266865916896,25.541266865916896,17300
2026-03-13,25.739999771118164,25.739999771118164,25.559999465942383,25.700000762939453,20500
2026-03-16,25.709999084472656,25.799999237060547,25.649999618530273,25.649999618530273,14200
2026-03-17,25.836999893188477,25.959999084472656,25.639999389648438,25.639999389648438,13600
2026-03-18,25.729999542236328,25.93000030517578,25.65999984741211,25.93000030517578,5500
2026-03-19,25.6200008392334,25.889999389648438,25.600000381469727,25.889999389648438,285400
2026-03-20,25.59000015258789,25.93000030517578,25.469999313354492,25.93000030517578,629500
2026-03-23,25.610000610351562,25.8700008392334,25.5,25.579999923706055,22800
2026-03-24,25.645000457763672,25.8700008392334,25.549999237060547,25.690000534057617,40500
2026-03-25,25.700000762939453,25.850000381469727,25.600000381469727,25.739999771118164,16700
2026-03-26,25.700000762939453,25.850000381469727,25.530000686645508,25.719999313354492,28100
2026-03-27,25.59000015258789,25.790000915527344,25.59000015258789,25.770000457763672,27200
2026-03-30,25.65999984741211,25.829999923706055,25.547000885009766,25.690000534057617,17700
2026-03-31,26.079999923706055,26.200000762939453,25.719999313354492,25.780000686645508,646300
2026-04-01,26.010000228881836,26.059999465942383,25.950000762939453,26.020000457763672,30300
2026-04-02,26.0,26.030000686645508,25.850000381469727,25.969999313354492,19800
2026-04-06,26.030000686645508,26.030000686645508,25.930999755859375,26.0,10800
2026-04-07,26.040000915527344,26.076000213623047,25.969999313354492,25.969999313354492,6400
2026-04-08,26.110000610351562,26.18000030517578,25.969999313354492,26.040000915527344,5400
2026-04-09,26.1200008392334,26.200000762939453,26.009000778198242,26.190000534057617,10100
2026-04-10,26.18000030517578,26.200000762939453,26.1200008392334,26.200000762939453,9600
2026-04-13,26.045000076293945,26.100000381469727,26.020000457763672,26.040000915527344,8900
2026-04-14,26.110000610351562,26.299999237060547,26.030000686645508,26.030000686645508,49400
2026-04-15,26.030000686645508,26.239999771118164,26.020000457763672,26.149999618530273,40900
2026-04-16,25.950000762939453,26.077999114990234,25.950000762939453,26.059999465942383,14100
2026-04-17,25.969999313354492,26.097999572753906,25.93000030517578,25.93000030517578,13900
2026-04-20,25.889999389648438,26.100000381469727,25.889999389648438,25.93000030517578,14900
2026-04-21,25.770000457763672,26.024999618530273,25.770000457763672,25.889999389648438,15300
2026-04-22,25.799999237060547,25.860000610351562,25.75,25.799999237060547,154600
2026-04-23,25.889999389648438,25.989999771118164,25.760000228881836,25.770000457763672,10600
2026-04-24,25.969999313354492,26.049999237060547,25.913999557495117,25.979999542236328,6300
2026-04-27,25.959999084472656,26.0,25.920000076293945,26.0,4700
2026-04-28,25.959999084472656,26.0,25.850000381469727,25.850000381469727,5000
2026-04-29,25.959999084472656,26.04800033569336,25.860000610351562,26.040000915527344,4600
2026-04-30,26.1299991607666,26.1299991607666,25.829999923706055,25.829999923706055,14400
2026-05-01,26.079999923706055,26.170000076293945,26.0,26.03499984741211,4400
