Date,close,high,low,open,volume
2017-12-04,96.0,96.0,96.0,96.0,2390
2017-12-05,96.0,96.0,96.0,96.0,190
2017-12-06,96.0,96.0,95.81999969482422,96.0,3220
2017-12-07,96.4000015258789,97.0,96.4000015258789,96.5,13740
2017-12-08,96.5999984741211,96.5999984741211,96.4000015258789,96.5,2870
2017-12-11,96.80000305175781,109.30000305175781,96.0,96.5999984741211,41790
2017-12-12,96.80000305175781,96.8499984741211,96.69999694824219,96.80000305175781,6260
2017-12-13,96.80000305175781,96.80000305175781,96.80000305175781,96.80000305175781,1070
2017-12-14,97.0,97.0,97.0,97.0,7000
2017-12-15,97.5,98.0,97.0,98.0,2930
2017-12-18,97.0,97.0,97.0,97.0,1610
2017-12-19,97.0,97.0,97.0,97.0,0
2017-12-20,97.0,97.0,97.0,97.0,1750
2017-12-21,96.66000366210938,97.0,96.66000366210938,97.0,520
2017-12-22,96.80000305175781,97.19999694824219,96.80000305175781,97.19999694824219,720
2017-12-26,96.80000305175781,96.80000305175781,96.80000305175781,96.80000305175781,0
2017-12-27,97.4000015258789,98.31999969482422,96.80000305175781,98.31999969482422,720
2017-12-28,96.80000305175781,97.0999984741211,96.80000305175781,97.0999984741211,270
2017-12-29,96.80000305175781,96.80000305175781,96.80000305175781,96.80000305175781,0
2018-01-02,96.9000015258789,97.05000305175781,96.9000015258789,97.0,2070
2018-01-03,97.30000305175781,97.30000305175781,97.30000305175781,97.30000305175781,30
2018-01-04,97.30000305175781,97.30000305175781,97.30000305175781,97.30000305175781,0
2018-01-05,97.0,97.5999984741211,97.0,97.5999984741211,420
2018-01-08,97.0,97.0,97.0,97.0,8730
2018-01-09,96.80000305175781,99.80000305175781,96.80000305175781,96.80000305175781,4400
2018-01-10,96.80000305175781,96.80000305175781,96.80000305175781,96.80000305175781,0
2018-01-11,96.80000305175781,96.80000305175781,96.80000305175781,96.80000305175781,0
2018-01-12,96.80000305175781,96.80000305175781,96.80000305175781,96.80000305175781,0
2018-01-16,96.80000305175781,96.80000305175781,96.80000305175781,96.80000305175781,0
2018-01-17,96.80000305175781,96.80000305175781,96.80000305175781,96.80000305175781,0
2018-01-18,96.80000305175781,96.80000305175781,96.80000305175781,96.80000305175781,0
2018-01-19,96.80000305175781,96.80000305175781,96.80000305175781,96.80000305175781,0
2018-01-22,96.80000305175781,96.80000305175781,96.80000305175781,96.80000305175781,0
2018-01-23,96.80000305175781,96.80000305175781,96.80000305175781,96.80000305175781,0
2018-01-24,96.80000305175781,96.80000305175781,96.80000305175781,96.80000305175781,0
2018-01-25,97.0,97.0,97.0,97.0,16510
2018-01-26,97.0,97.0,96.80000305175781,97.0,25700
2018-01-29,97.0,97.0,97.0,97.0,790
2018-01-30,97.19999694824219,97.19999694824219,96.9000015258789,97.0999984741211,6140
2018-01-31,97.19999694824219,97.19999694824219,97.19999694824219,97.19999694824219,0
2018-02-01,97.19999694824219,97.19999694824219,97.19999694824219,97.19999694824219,0
2018-02-02,97.19999694824219,97.19999694824219,97.19999694824219,97.19999694824219,0
2018-02-05,97.4000015258789,97.4000015258789,97.30000305175781,97.30000305175781,30
2018-02-06,97.4000015258789,97.4000015258789,97.4000015258789,97.4000015258789,30
2018-02-07,97.4000015258789,97.5,97.19999694824219,97.19999694824219,8730
2018-02-08,97.4000015258789,97.4000015258789,97.4000015258789,97.4000015258789,0
2018-02-09,97.5,97.5,97.5,97.5,50
2018-02-12,98.0,98.0,98.0,98.0,110
2018-02-13,98.0,98.0,98.0,98.0,0
2018-02-14,98.0,98.0,98.0,98.0,0
2018-02-15,98.0,98.0,98.0,98.0,0
2018-02-16,98.0,98.0,98.0,98.0,0
2018-02-20,97.6500015258789,98.0,97.6500015258789,97.9000015258789,590
2018-02-21,97.5999984741211,97.5999984741211,97.5,97.5,40
2018-02-22,97.5999984741211,97.5999984741211,97.5999984741211,97.5999984741211,0
2018-02-23,97.5999984741211,97.5999984741211,97.5999984741211,97.5999984741211,0
2018-02-26,97.69999694824219,97.9000015258789,96.87999725341797,97.80000305175781,8710
2018-02-27,98.30000305175781,98.30000305175781,97.9000015258789,97.9000015258789,1940
2018-02-28,97.9000015258789,97.9000015258789,97.9000015258789,97.9000015258789,30
2018-03-01,98.5999984741211,98.94999694824219,98.5,98.5,400
2018-03-02,98.5999984741211,98.5999984741211,98.5999984741211,98.5999984741211,0
2018-03-05,98.5999984741211,98.5999984741211,98.5999984741211,98.5999984741211,0
2018-03-06,98.5999984741211,98.5999984741211,98.5999984741211,98.5999984741211,0
2018-03-07,98.5999984741211,98.5999984741211,98.5999984741211,98.5999984741211,0
2018-03-08,98.5999984741211,98.5999984741211,98.5999984741211,98.5999984741211,0
2018-03-09,98.5999984741211,98.5999984741211,98.5999984741211,98.5999984741211,0
2018-03-12,98.5999984741211,98.5999984741211,98.5999984741211,98.5999984741211,0
2018-03-13,98.5999984741211,98.5999984741211,98.5999984741211,98.5999984741211,0
2018-03-14,98.5999984741211,98.5999984741211,98.5999984741211,98.5999984741211,0
2018-03-15,98.5999984741211,98.5999984741211,98.5999984741211,98.5999984741211,0
2018-03-16,97.5,97.69999694824219,97.19999694824219,97.19999694824219,730
2018-03-19,97.5,97.5,97.5,97.5,0
2018-03-20,97.5,97.5,97.5,97.5,140
2018-03-21,97.69999694824219,98.0,97.5,97.5,8380
2018-03-22,97.5999984741211,97.5999984741211,97.5999984741211,97.5999984741211,30
2018-03-23,98.19999694824219,98.19999694824219,98.19999694824219,98.19999694824219,220
2018-03-26,98.19999694824219,98.19999694824219,98.19999694824219,98.19999694824219,0
2018-03-27,98.19999694824219,98.19999694824219,98.19999694824219,98.19999694824219,0
2018-03-28,98.19999694824219,98.19999694824219,98.19999694824219,98.19999694824219,0
2018-03-29,98.19999694824219,98.19999694824219,98.19999694824219,98.19999694824219,0
2018-04-02,97.80000305175781,98.0,97.80000305175781,97.80000305175781,300
2018-04-03,98.30000305175781,98.30000305175781,97.80000305175781,97.80000305175781,2560
2018-04-04,98.30000305175781,98.30000305175781,98.30000305175781,98.30000305175781,0
2018-04-05,98.30000305175781,98.30000305175781,98.30000305175781,98.30000305175781,0
2018-04-06,98.30000305175781,98.30000305175781,98.30000305175781,98.30000305175781,0
2018-04-09,98.30000305175781,98.30000305175781,98.30000305175781,98.30000305175781,0
2018-04-10,98.4000015258789,98.5,98.19999694824219,98.19999694824219,1680
2018-04-11,98.30000305175781,98.30000305175781,98.30000305175781,98.30000305175781,200
2018-04-12,98.30000305175781,98.30000305175781,98.30000305175781,98.30000305175781,0
2018-04-13,98.0999984741211,98.4000015258789,98.0999984741211,98.0999984741211,5190
2018-04-16,98.0999984741211,98.0999984741211,98.0999984741211,98.0999984741211,0
2018-04-17,98.0999984741211,98.0999984741211,98.0999984741211,98.0999984741211,0
2018-04-18,98.0999984741211,98.0999984741211,98.0999984741211,98.0999984741211,23500
2018-04-19,98.19999694824219,98.19999694824219,98.19999694824219,98.19999694824219,100
2018-04-20,98.5,99.0,98.19999694824219,98.19999694824219,620
2018-04-23,98.5,98.5,98.5,98.5,0
2018-04-24,98.5,98.5,98.5,98.5,0
2018-04-25,98.5,98.5,98.5,98.5,0
2018-04-26,98.5,98.5,98.5,98.5,0
2018-04-27,98.5,98.5,98.5,98.5,0
2018-04-30,98.5,98.5,98.5,98.5,0
2018-05-01,98.5,98.5,98.5,98.5,0
2018-05-02,98.5,98.5,98.5,98.5,0
2018-05-03,98.5,98.5,98.5,98.5,0
2018-05-04,98.5,98.5,98.5,98.5,0
2018-05-07,98.5,98.5,98.5,98.5,0
2018-05-08,98.5,98.5,98.5,98.5,0
2018-05-09,98.5,98.5,98.5,98.5,35240
2018-05-10,98.5,98.5,98.5,98.5,0
2018-05-11,98.5,98.5,98.5,98.5,0
2018-05-14,98.5,98.5,98.5,98.5,0
2018-05-15,98.5,98.5999984741211,98.5,98.5999984741211,60
2018-05-16,98.5,98.5,98.5,98.5,0
2018-05-17,98.5,98.5,98.5,98.5,0
2018-05-18,98.5,98.5,98.5,98.5,0
2018-05-21,99.0,99.0,99.0,99.0,10
2018-05-22,99.0,99.0,99.0,99.0,0
2018-05-23,99.0,99.0,99.0,99.0,0
2018-05-24,99.0,99.0,98.5,98.5,220
2018-05-25,99.0,99.0,99.0,99.0,0
2018-05-29,99.0,99.0,99.0,99.0,0
2018-05-30,98.5999984741211,98.80000305175781,98.5999984741211,98.80000305175781,7520
2018-05-31,98.69999694824219,98.69999694824219,98.69999694824219,98.69999694824219,5100
2018-06-01,98.69999694824219,98.80000305175781,98.69999694824219,98.80000305175781,1230
2018-06-04,98.69999694824219,98.69999694824219,98.69999694824219,98.69999694824219,0
2018-06-05,99.0,99.0,99.0,99.0,10
2018-06-06,99.0,99.0,99.0,99.0,0
2018-06-07,99.0,99.0,99.0,99.0,0
2018-06-08,99.30000305175781,99.30000305175781,99.30000305175781,99.30000305175781,80
2018-06-11,99.30000305175781,99.30000305175781,99.30000305175781,99.30000305175781,0
2018-06-12,99.30000305175781,99.30000305175781,99.30000305175781,99.30000305175781,0
2018-06-13,98.9000015258789,98.9000015258789,98.9000015258789,98.9000015258789,20
2018-06-14,98.9000015258789,98.9000015258789,98.9000015258789,98.9000015258789,0
2018-06-15,98.9000015258789,98.9000015258789,98.9000015258789,98.9000015258789,0
2018-06-18,99.19999694824219,99.19999694824219,99.0999984741211,99.19999694824219,230
2018-06-19,99.19999694824219,99.19999694824219,99.19999694824219,99.19999694824219,0
2018-06-20,99.19999694824219,99.19999694824219,99.19999694824219,99.19999694824219,0
2018-06-21,99.0999984741211,99.0999984741211,99.0999984741211,99.0999984741211,6500
2018-06-22,99.0999984741211,99.0999984741211,99.0999984741211,99.0999984741211,0
2018-06-25,99.0999984741211,99.0999984741211,99.0999984741211,99.0999984741211,0
2018-06-26,99.0999984741211,99.0999984741211,99.0999984741211,99.0999984741211,0
2018-06-27,99.0999984741211,99.0999984741211,99.0999984741211,99.0999984741211,0
2018-06-28,99.0999984741211,99.0999984741211,99.0999984741211,99.0999984741211,580
2018-06-29,99.0999984741211,99.0999984741211,99.0999984741211,99.0999984741211,100
2018-07-02,99.0999984741211,99.0999984741211,99.0999984741211,99.0999984741211,0
2018-07-03,99.0999984741211,99.0999984741211,99.0999984741211,99.0999984741211,3500
2018-07-05,99.0999984741211,99.0999984741211,99.0999984741211,99.0999984741211,0
2018-07-06,99.0999984741211,99.0999984741211,99.0999984741211,99.0999984741211,0
2018-07-09,99.0999984741211,99.0999984741211,99.0999984741211,99.0999984741211,0
2018-07-10,99.0999984741211,99.0999984741211,99.0999984741211,99.0999984741211,0
2018-07-11,99.0999984741211,99.0999984741211,99.0999984741211,99.0999984741211,0
2018-07-12,99.0999984741211,99.0999984741211,99.0999984741211,99.0999984741211,0
2018-07-13,99.0999984741211,99.0999984741211,99.0999984741211,99.0999984741211,0
2018-07-16,99.0999984741211,99.0999984741211,99.0999984741211,99.0999984741211,0
2018-07-17,99.0999984741211,99.0999984741211,99.0999984741211,99.0999984741211,0
2018-07-18,99.55000305175781,100.0,99.55000305175781,99.55000305175781,1360
2018-07-19,99.55000305175781,99.55000305175781,99.55000305175781,99.55000305175781,0
2018-07-20,99.4000015258789,99.4000015258789,99.4000015258789,99.4000015258789,30
2018-07-23,99.4000015258789,99.4000015258789,99.4000015258789,99.4000015258789,0
2018-07-24,99.4000015258789,99.4000015258789,99.4000015258789,99.4000015258789,0
2018-07-25,99.4000015258789,99.4000015258789,99.4000015258789,99.4000015258789,0
2018-07-26,99.5999984741211,99.5999984741211,99.30000305175781,99.5,500
2018-07-27,99.5999984741211,99.5999984741211,99.5999984741211,99.5999984741211,0
2018-07-30,99.5999984741211,99.5999984741211,99.5999984741211,99.5999984741211,0
2018-07-31,99.5999984741211,99.5999984741211,99.5999984741211,99.5999984741211,0
2018-08-01,99.5,99.5,99.5,99.5,20
2018-08-02,99.5,99.5,99.5,99.5,0
2018-08-03,99.5,99.5,99.5,99.5,0
2018-08-06,99.19999694824219,99.5,99.19999694824219,99.5,530
2018-08-07,99.19999694824219,99.19999694824219,99.19999694824219,99.19999694824219,0
2018-08-08,99.19999694824219,99.19999694824219,99.19999694824219,99.19999694824219,0
2018-08-09,99.0999984741211,99.0999984741211,99.0999984741211,99.0999984741211,100
2018-08-10,99.0999984741211,99.0999984741211,99.0999984741211,99.0999984741211,0
2018-08-13,99.0999984741211,99.0999984741211,99.0999984741211,99.0999984741211,20
2018-08-14,99.0999984741211,99.0999984741211,99.0999984741211,99.0999984741211,0
2018-08-15,99.0999984741211,99.0999984741211,99.0999984741211,99.0999984741211,0
2018-08-16,99.0999984741211,99.0999984741211,99.0999984741211,99.0999984741211,0
2018-08-17,99.0999984741211,99.0999984741211,99.0999984741211,99.0999984741211,0
2018-08-20,99.0999984741211,99.0999984741211,99.0999984741211,99.0999984741211,0
2018-08-21,99.0999984741211,99.0999984741211,99.0999984741211,99.0999984741211,0
2018-08-22,99.0999984741211,99.0999984741211,99.0999984741211,99.0999984741211,0
2018-08-23,99.0999984741211,99.0999984741211,99.0999984741211,99.0999984741211,0
2018-08-24,99.0999984741211,99.0999984741211,99.0999984741211,99.0999984741211,0
2018-08-27,99.0999984741211,99.0999984741211,99.0999984741211,99.0999984741211,0
2018-08-28,99.0999984741211,99.0999984741211,99.0999984741211,99.0999984741211,0
2018-08-29,99.0999984741211,99.0999984741211,99.0999984741211,99.0999984741211,0
2018-08-30,99.0999984741211,99.0999984741211,99.0999984741211,99.0999984741211,0
2018-08-31,99.0999984741211,99.0999984741211,99.0999984741211,99.0999984741211,0
2018-09-04,99.0999984741211,99.0999984741211,99.0999984741211,99.0999984741211,0
2018-09-05,99.0999984741211,99.0999984741211,99.0999984741211,99.0999984741211,0
2018-09-06,99.0999984741211,99.0999984741211,99.0999984741211,99.0999984741211,0
2018-09-07,99.0999984741211,99.0999984741211,99.0999984741211,99.0999984741211,0
2018-09-10,99.5,99.5,99.5,99.5,400
2018-09-11,99.5999984741211,99.5999984741211,99.5999984741211,99.5999984741211,100
2018-09-12,99.5999984741211,99.5999984741211,99.5999984741211,99.5999984741211,0
2018-09-13,99.5999984741211,99.5999984741211,99.5999984741211,99.5999984741211,0
2018-09-14,100.0,100.0,99.5,99.5999984741211,4250
2018-09-17,100.0,100.0,100.0,100.0,0
2018-09-18,100.0,100.0,100.0,100.0,0
2018-09-19,100.0,100.0,100.0,100.0,0
2018-09-20,100.0,100.0,100.0,100.0,0
2018-09-21,99.80000305175781,99.80000305175781,99.80000305175781,99.80000305175781,3260
2018-09-24,99.80000305175781,99.80000305175781,99.80000305175781,99.80000305175781,0
2018-09-25,100.0999984741211,100.0999984741211,100.0999984741211,100.0999984741211,150
2018-09-26,100.0999984741211,100.0999984741211,100.0999984741211,100.0999984741211,0
2018-09-27,100.0999984741211,100.0999984741211,100.0999984741211,100.0999984741211,0
2018-09-28,100.0999984741211,100.0999984741211,100.0999984741211,100.0999984741211,0
2018-10-01,100.0999984741211,100.0999984741211,100.0999984741211,100.0999984741211,0
2018-10-02,100.0999984741211,100.0999984741211,100.0999984741211,100.0999984741211,0
2018-10-03,100.0999984741211,100.0999984741211,100.0999984741211,100.0999984741211,0
2018-10-04,100.0999984741211,100.0999984741211,100.0999984741211,100.0999984741211,0
2018-10-05,100.4000015258789,100.5,100.19999694824219,100.5,2910
2018-10-08,100.4000015258789,100.4000015258789,100.4000015258789,100.4000015258789,510
2018-10-09,100.19999694824219,100.4000015258789,100.0999984741211,100.19999694824219,2140
2018-10-10,100.19999694824219,100.19999694824219,100.19999694824219,100.19999694824219,0
2018-10-11,100.19999694824219,100.19999694824219,100.19999694824219,100.19999694824219,0
2018-10-12,100.5,100.5,100.19999694824219,100.19999694824219,6890
2018-10-15,100.19999694824219,100.19999694824219,100.0,100.19999694824219,7510
2018-10-16,100.19999694824219,100.20999908447266,100.19999694824219,100.20999908447266,1510
2018-10-17,100.19999694824219,100.19999694824219,100.19999694824219,100.19999694824219,0
2018-10-18,100.19999694824219,100.19999694824219,100.19999694824219,100.19999694824219,0
2018-10-19,100.19999694824219,100.19999694824219,100.19999694824219,100.19999694824219,0
2018-10-22,100.19999694824219,100.19999694824219,100.19999694824219,100.19999694824219,0
2018-10-23,100.19999694824219,100.19999694824219,100.19999694824219,100.19999694824219,0
2018-10-24,100.19999694824219,100.19999694824219,100.19999694824219,100.19999694824219,0
2018-10-25,100.19999694824219,100.19999694824219,100.19999694824219,100.19999694824219,0
2018-10-26,100.19999694824219,100.19999694824219,100.19999694824219,100.19999694824219,0
2018-10-29,100.19999694824219,100.19999694824219,100.19999694824219,100.19999694824219,0
2018-10-30,100.19999694824219,100.19999694824219,100.19999694824219,100.19999694824219,10
2018-10-31,101.0,101.0,100.80000305175781,100.80000305175781,60
2018-11-01,101.0,101.0,101.0,101.0,0
2018-11-02,101.0,101.0,101.0,101.0,0
2018-11-05,101.0,101.0,101.0,101.0,0
2018-11-06,101.0,101.0,101.0,101.0,0
2018-11-07,101.0,101.0,101.0,101.0,0
2018-11-08,101.0,101.0,101.0,101.0,0
2018-11-09,101.0,101.0,101.0,101.0,0
2018-11-12,100.80000305175781,101.0,100.4000015258789,100.5,5370
2018-11-13,101.0,102.55000305175781,100.9000015258789,101.0,490
2018-11-14,101.0,101.0,101.0,101.0,0
2018-11-15,101.5,101.5,101.5,101.5,260
2018-11-16,101.5,101.5,101.5,101.5,0
2018-11-19,101.5,101.5,101.5,101.5,0
2018-11-20,101.5,101.5,101.5,101.5,0
2018-11-21,101.5,101.5,101.5,101.5,0
2018-11-23,101.5,101.5,101.5,101.5,0
2018-11-26,101.1500015258789,101.1500015258789,101.0,101.0,210
2018-11-27,101.1500015258789,101.1500015258789,101.1500015258789,101.1500015258789,0
2018-11-28,101.0,101.0,101.0,101.0,20
2018-11-29,101.0,101.0,101.0,101.0,0
2018-11-30,101.19999694824219,101.19999694824219,101.0999984741211,101.19999694824219,1060
2018-12-03,101.19999694824219,101.19999694824219,101.19999694824219,101.19999694824219,0
2018-12-04,101.19999694824219,101.19999694824219,101.19999694824219,101.19999694824219,0
2018-12-06,101.19999694824219,101.19999694824219,101.19999694824219,101.19999694824219,0
2018-12-07,101.19999694824219,101.19999694824219,101.19999694824219,101.19999694824219,0
2018-12-10,101.19999694824219,101.19999694824219,101.19999694824219,101.19999694824219,0
2018-12-11,101.4000015258789,101.5,101.19999694824219,101.30000305175781,540
2018-12-12,101.4000015258789,101.4000015258789,101.4000015258789,101.4000015258789,0
2018-12-13,101.4000015258789,101.4000015258789,101.4000015258789,101.4000015258789,0
2018-12-14,101.4000015258789,101.4000015258789,101.4000015258789,101.4000015258789,0
2018-12-17,101.4000015258789,101.4000015258789,101.4000015258789,101.4000015258789,0
2018-12-18,101.19999694824219,101.19999694824219,101.19999694824219,101.19999694824219,230
2018-12-19,101.19999694824219,101.19999694824219,101.19999694824219,101.19999694824219,0
2018-12-20,101.4000015258789,101.5,101.4000015258789,101.5,3060
2018-12-21,101.80000305175781,102.0,100.0,101.69999694824219,1640
2018-12-24,102.0,102.0,101.4000015258789,101.4000015258789,2630
2018-12-26,102.0,102.0,102.0,102.0,60
2018-12-27,102.0,102.0,102.0,102.0,0
2018-12-28,102.0,102.0,102.0,102.0,0
2018-12-31,102.0,102.0,101.80000305175781,102.0,520
2019-01-02,101.5999984741211,101.73999786376953,101.5999984741211,101.62999725341797,200
2019-01-03,101.9000015258789,101.9000015258789,101.6500015258789,101.6500015258789,70
2019-01-04,101.9000015258789,101.9000015258789,101.9000015258789,101.9000015258789,0
2019-01-07,102.0,102.0,101.69999694824219,101.69999694824219,13320
2019-01-08,101.69999694824219,101.69999694824219,101.69999694824219,101.69999694824219,15000
2019-01-09,101.69999694824219,101.69999694824219,101.69999694824219,101.69999694824219,0
2019-01-10,101.69999694824219,101.69999694824219,101.69999694824219,101.69999694824219,0
2019-01-11,101.69999694824219,101.69999694824219,101.69999694824219,101.69999694824219,0
2019-01-14,102.19999694824219,102.19999694824219,102.0,102.0,7750
2019-01-15,102.19999694824219,102.19999694824219,102.19999694824219,102.19999694824219,7500
2019-01-16,102.5,102.5,102.5,102.5,1000
2019-01-17,102.5,102.5,102.5,102.5,0
2019-01-18,102.5,102.5,102.5,102.5,0
2019-01-22,102.5,102.5,102.4000015258789,102.4000015258789,300
2019-01-23,102.5,102.5,102.5,102.5,0
2019-01-24,102.5,102.5,102.5,102.5,0
2019-01-25,102.5,102.5,102.5,102.5,0
2019-01-28,102.5,102.5,102.5,102.5,5000
2019-01-29,102.5,102.5,102.5,102.5,100
2019-01-30,102.5,102.5,102.5,102.5,0
2019-01-31,102.5,102.5,102.5,102.5,110
2019-02-01,102.5,102.5,102.5,102.5,0
2019-02-04,102.5,102.5,102.5,102.5,0
2019-02-05,102.5,102.5,102.5,102.5,0
2019-02-06,102.69999694824219,102.69999694824219,102.69999694824219,102.69999694824219,5000
2019-02-07,102.69999694824219,102.69999694824219,102.69999694824219,102.69999694824219,0
2019-02-08,102.69999694824219,102.69999694824219,102.69999694824219,102.69999694824219,0
2019-02-11,102.69999694824219,103.0999984741211,102.69999694824219,102.73999786376953,340
2019-02-12,102.9000015258789,102.9000015258789,102.9000015258789,102.9000015258789,20
2019-02-13,102.9000015258789,102.9000015258789,102.9000015258789,102.9000015258789,0
2019-02-14,103.0,103.0,103.0,103.0,300
2019-02-15,103.0,103.0,103.0,103.0,60
2019-02-19,102.80000305175781,102.80000305175781,102.80000305175781,102.80000305175781,20
2019-02-20,103.0,103.16000366210938,102.80000305175781,102.80000305175781,1350
2019-02-21,103.0,103.0,103.0,103.0,0
2019-02-22,103.0,103.0,103.0,103.0,0
2019-02-25,103.0,103.0,103.0,103.0,0
2019-02-26,103.19999694824219,103.19999694824219,102.80000305175781,102.80000305175781,7120
2019-02-27,103.19999694824219,103.19999694824219,103.19999694824219,103.19999694824219,0
2019-02-28,103.19999694824219,103.3499984741211,103.19999694824219,103.3499984741211,160
2019-03-01,103.19999694824219,103.19999694824219,103.19999694824219,103.19999694824219,0
2019-03-04,103.19999694824219,103.19999694824219,103.19999694824219,103.19999694824219,0
2019-03-05,103.19999694824219,103.19999694824219,103.19999694824219,103.19999694824219,0
2019-03-06,103.19999694824219,103.19999694824219,103.19999694824219,103.19999694824219,0
2019-03-07,103.19999694824219,103.19999694824219,103.19999694824219,103.19999694824219,0
2019-03-08,103.19999694824219,103.19999694824219,103.19999694824219,103.19999694824219,0
2019-03-11,103.19999694824219,103.19999694824219,103.19999694824219,103.19999694824219,0
2019-03-12,103.19999694824219,103.19999694824219,103.19999694824219,103.19999694824219,0
2019-03-13,103.19999694824219,103.19999694824219,103.19999694824219,103.19999694824219,0
2019-03-14,103.19999694824219,103.19999694824219,103.19999694824219,103.19999694824219,0
2019-03-15,103.19999694824219,103.19999694824219,103.19999694824219,103.19999694824219,0
2019-03-18,103.5,103.5,103.5,103.5,110
2019-03-19,103.33999633789062,103.69999694824219,103.33000183105469,103.5,10260
2019-03-20,103.4000015258789,103.5999984741211,103.4000015258789,103.4000015258789,31300
2019-03-21,103.30000305175781,103.4000015258789,103.30000305175781,103.4000015258789,460
2019-03-22,103.30000305175781,103.30000305175781,103.30000305175781,103.30000305175781,0
2019-03-25,103.30000305175781,103.30000305175781,103.30000305175781,103.30000305175781,0
2019-03-26,103.30000305175781,103.30000305175781,103.30000305175781,103.30000305175781,0
2019-03-27,103.30000305175781,103.30000305175781,103.30000305175781,103.30000305175781,0
2019-03-28,103.30000305175781,103.30000305175781,103.30000305175781,103.30000305175781,180
2019-03-29,103.30000305175781,103.30000305175781,103.30000305175781,103.30000305175781,0
2019-04-01,103.30000305175781,103.30000305175781,103.30000305175781,103.30000305175781,110
2019-04-02,103.30000305175781,103.30000305175781,103.30000305175781,103.30000305175781,0
2019-04-03,103.30000305175781,103.30000305175781,103.30000305175781,103.30000305175781,0
2019-04-04,103.30000305175781,103.30000305175781,103.30000305175781,103.30000305175781,0
2019-04-05,103.4000015258789,103.4000015258789,103.4000015258789,103.4000015258789,1700
2019-04-08,103.4000015258789,103.4000015258789,103.4000015258789,103.4000015258789,5200
2019-04-09,103.5,103.5,103.4000015258789,103.4000015258789,1340
2019-04-10,103.54000091552734,103.54000091552734,103.41000366210938,103.41000366210938,80
2019-04-11,103.54000091552734,103.54000091552734,103.54000091552734,103.54000091552734,0
2019-04-12,103.54000091552734,103.54000091552734,103.54000091552734,103.54000091552734,0
2019-04-15,103.54000091552734,103.54000091552734,103.54000091552734,103.54000091552734,0
2019-04-16,103.66000366210938,103.66000366210938,103.66000366210938,103.66000366210938,10
2019-04-17,103.4000015258789,103.4000015258789,103.4000015258789,103.4000015258789,1610
2019-04-18,103.4000015258789,103.4000015258789,103.4000015258789,103.4000015258789,0
2019-04-22,103.80000305175781,103.80000305175781,103.80000305175781,103.80000305175781,2470
2019-04-23,103.80000305175781,103.80000305175781,103.80000305175781,103.80000305175781,0
2019-04-24,103.80000305175781,103.80000305175781,103.80000305175781,103.80000305175781,0
2019-04-25,103.80000305175781,103.80000305175781,103.80000305175781,103.80000305175781,0
2019-04-26,104.0999984741211,104.0999984741211,104.0999984741211,104.0999984741211,40
2019-04-29,104.0999984741211,104.0999984741211,104.0999984741211,104.0999984741211,0
2019-04-30,104.0999984741211,104.0999984741211,104.0999984741211,104.0999984741211,30
2019-05-01,103.52999877929688,103.52999877929688,103.52999877929688,103.52999877929688,20
2019-05-02,103.5,103.5,103.5,103.5,2830
2019-05-03,103.5999984741211,103.79000091552734,103.5999984741211,103.5999984741211,180
2019-05-06,103.6500015258789,103.66999816894531,103.5,103.54000091552734,290
2019-05-07,104.0999984741211,104.0999984741211,104.0,104.0,1350
2019-05-08,104.0,104.0999984741211,104.0,104.0,680
2019-05-09,103.9000015258789,104.0,103.9000015258789,104.0,1850
2019-05-10,103.9000015258789,103.9000015258789,103.9000015258789,103.9000015258789,0
2019-05-13,103.9000015258789,103.9000015258789,103.9000015258789,103.9000015258789,500
2019-05-14,103.5,104.0,103.5,103.80000305175781,58230
2019-05-15,103.9000015258789,103.9000015258789,103.9000015258789,103.9000015258789,20
2019-05-16,103.9000015258789,103.9000015258789,103.9000015258789,103.9000015258789,0
2019-05-17,103.9000015258789,103.9000015258789,103.9000015258789,103.9000015258789,0
2019-05-20,103.69999694824219,103.69999694824219,103.69999694824219,103.69999694824219,10
2019-05-21,103.69999694824219,103.69999694824219,103.69999694824219,103.69999694824219,0
2019-05-22,103.69999694824219,103.69999694824219,103.69999694824219,103.69999694824219,0
2019-05-23,103.69999694824219,103.69999694824219,103.69999694824219,103.69999694824219,0
2019-05-24,105.4000015258789,105.4000015258789,105.4000015258789,105.4000015258789,20
2019-05-28,103.80000305175781,104.5999984741211,103.80000305175781,104.5999984741211,50
2019-05-29,104.19999694824219,104.5,104.19999694824219,104.30000305175781,1120
2019-05-30,104.19999694824219,104.19999694824219,104.19999694824219,104.19999694824219,0
2019-05-31,104.19999694824219,104.19999694824219,104.19999694824219,104.19999694824219,0
2019-06-03,104.5,104.5,104.5,104.5,20
2019-06-04,104.5,104.5,104.5,104.5,0
2019-06-05,104.5,104.5,104.5,104.5,0
2019-06-06,104.5,104.5,104.5,104.5,0
2019-06-07,104.5,104.5,104.5,104.5,0
2019-06-10,104.30000305175781,104.30000305175781,104.19999694824219,104.19999694824219,30
2019-06-11,104.30000305175781,104.30000305175781,104.30000305175781,104.30000305175781,0
2019-06-12,104.30000305175781,104.30000305175781,104.30000305175781,104.30000305175781,0
2019-06-13,104.30000305175781,104.30000305175781,104.30000305175781,104.30000305175781,0
2019-06-14,104.30000305175781,104.30000305175781,104.30000305175781,104.30000305175781,0
2019-06-17,108.0,120.4000015258789,105.94000244140625,112.02999877929688,890
2019-06-18,104.9000015258789,114.0,104.9000015258789,114.0,50
2019-06-19,103.9000015258789,104.5,103.9000015258789,104.5,120
2019-06-20,103.80000305175781,103.80000305175781,103.80000305175781,103.80000305175781,20
2019-06-21,103.80000305175781,103.80000305175781,103.80000305175781,103.80000305175781,20
2019-06-24,103.5,104.0,103.5,103.9000015258789,870
2019-06-25,104.30000305175781,104.30000305175781,103.5,103.5,100
2019-06-26,104.30000305175781,104.30000305175781,104.30000305175781,104.30000305175781,0
2019-06-27,105.30000305175781,105.30000305175781,105.0999984741211,105.0999984741211,50
2019-06-28,105.30000305175781,105.30000305175781,105.30000305175781,105.30000305175781,0
2019-07-01,104.5,104.5,103.9800033569336,103.9800033569336,110
2019-07-02,104.0,104.0,104.0,104.0,30
2019-07-03,104.0,104.0,104.0,104.0,0
2019-07-05,104.0,104.0,104.0,104.0,10
2019-07-08,104.0,104.0,104.0,104.0,0
2019-07-09,104.0,104.0,104.0,104.0,0
2019-07-10,104.0,104.0,104.0,104.0,33890
2019-07-11,104.0,104.0,104.0,104.0,0
2019-07-12,104.0,104.0,104.0,104.0,0
2019-07-15,104.0,104.0,104.0,104.0,0
2019-07-16,104.0,104.0,104.0,104.0,10
2019-07-17,104.0,104.0,104.0,104.0,0
2019-07-18,104.70999908447266,106.80000305175781,104.70999908447266,106.80000305175781,30
2019-07-19,104.1500015258789,104.5,104.1500015258789,104.5,50
2019-07-22,105.0,105.0,104.30000305175781,104.30000305175781,1350
2019-07-23,105.0,105.0,105.0,105.0,0
2019-07-24,105.0,105.0,105.0,105.0,0
2019-07-25,105.0,105.0,104.19999694824219,104.80000305175781,3060
2019-07-26,104.80000305175781,104.83000183105469,104.69999694824219,104.69999694824219,1030
2019-07-29,104.69999694824219,104.69999694824219,104.3499984741211,104.69999694824219,720
2019-07-30,104.69999694824219,104.69999694824219,104.3499984741211,104.69999694824219,720
2019-07-31,105.0,105.0,105.0,105.0,10
2019-08-01,103.0,104.5999984741211,103.0,104.5999984741211,130
2019-08-02,105.0,105.0,104.69999694824219,105.0,100
2019-08-05,104.80000305175781,105.0,104.41000366210938,104.41000366210938,70
2019-08-06,104.58000183105469,105.0,104.4000015258789,105.0,410
2019-08-07,104.58000183105469,105.0,104.4000015258789,105.0,410
2019-08-08,103.8499984741211,103.8499984741211,103.8499984741211,103.8499984741211,10
2019-08-09,103.8499984741211,103.8499984741211,103.8499984741211,103.8499984741211,10
2019-08-12,103.8499984741211,103.8499984741211,103.8499984741211,103.8499984741211,10
2019-08-13,104.4000015258789,104.4000015258789,104.4000015258789,104.4000015258789,10
2019-08-14,104.4000015258789,104.4000015258789,104.4000015258789,104.4000015258789,10
2019-08-15,104.4000015258789,104.4000015258789,103.5,104.0999984741211,2610
2019-08-16,105.0,105.0,105.0,105.0,2500
2019-08-19,105.0,105.0,105.0,105.0,36550
2019-08-20,104.5999984741211,104.80000305175781,104.5999984741211,104.80000305175781,20
2019-08-21,105.30000305175781,105.30000305175781,105.30000305175781,105.30000305175781,12500
2019-08-22,105.30000305175781,105.30000305175781,105.30000305175781,105.30000305175781,0
2019-08-23,104.0,104.0,104.0,104.0,10
2019-08-26,104.0,104.0,104.0,104.0,0
2019-08-27,104.0,104.0,104.0,104.0,0
2019-08-28,104.30000305175781,104.30000305175781,104.30000305175781,104.30000305175781,10
2019-08-29,104.30000305175781,104.30000305175781,104.30000305175781,104.30000305175781,20
2019-08-30,104.30000305175781,104.30000305175781,104.30000305175781,104.30000305175781,10
2019-09-03,104.5,104.5,104.0,104.0,20
2019-09-04,104.5,104.5,104.5,104.5,0
2019-09-05,104.5,104.5,104.5,104.5,0
2019-09-06,104.5,104.5,104.5,104.5,30
2019-09-09,104.0,104.0,104.0,104.0,30
2019-09-10,104.5,104.5,104.5,104.5,20
2019-09-11,105.0,105.0,105.0,105.0,12540
2019-09-12,105.0,105.0,105.0,105.0,0
2019-09-13,105.0,105.0,105.0,105.0,0
2019-09-16,105.0,105.0,105.0,105.0,0
2019-09-17,105.0,105.0,105.0,105.0,0
2019-09-18,106.0,106.0,105.5,105.5,2560
2019-09-19,106.0,106.0,106.0,106.0,0
2019-09-20,105.9000015258789,105.9000015258789,105.9000015258789,105.9000015258789,50
2019-09-23,105.9000015258789,105.9000015258789,105.9000015258789,105.9000015258789,0
2019-09-24,105.4000015258789,105.4000015258789,105.4000015258789,105.4000015258789,500
2019-09-25,105.4000015258789,105.4000015258789,105.4000015258789,105.4000015258789,0
2019-09-26,105.4000015258789,105.4000015258789,105.4000015258789,105.4000015258789,0
2019-09-27,105.80000305175781,105.80000305175781,105.5999984741211,105.69999694824219,4400
2019-09-30,105.80000305175781,105.80000305175781,105.80000305175781,105.80000305175781,190
2019-10-01,105.80000305175781,105.80000305175781,105.80000305175781,105.80000305175781,0
2019-10-02,105.80000305175781,105.80000305175781,105.80000305175781,105.80000305175781,0
2019-10-03,104.5999984741211,120.31999969482422,104.5999984741211,120.31999969482422,70
2019-10-04,104.5999984741211,104.5999984741211,104.5999984741211,104.5999984741211,0
2019-10-07,104.5999984741211,104.5999984741211,104.5999984741211,104.5999984741211,0
2019-10-08,105.0,105.5,105.0,105.5,20
2019-10-09,105.0,105.0,105.0,105.0,50
2019-10-10,105.0,105.0,105.0,105.0,0
2019-10-11,105.0,105.0,105.0,105.0,0
2019-10-14,105.0,105.0,105.0,105.0,10
2019-10-15,105.0,105.0,105.0,105.0,0
2019-10-16,105.0,105.0,105.0,105.0,10
2019-10-17,105.0,105.0,105.0,105.0,0
2019-10-18,105.0,105.0,105.0,105.0,0
2019-10-21,105.0,105.0,105.0,105.0,0
2019-10-22,104.9000015258789,104.9000015258789,104.9000015258789,104.9000015258789,50
2019-10-23,104.9000015258789,104.9000015258789,104.9000015258789,104.9000015258789,10
2019-10-24,104.9000015258789,104.9000015258789,104.9000015258789,104.9000015258789,0
2019-10-25,105.16000366210938,105.18000030517578,104.9000015258789,104.9000015258789,420
2019-10-28,105.16000366210938,105.16000366210938,105.16000366210938,105.16000366210938,0
2019-10-29,105.16000366210938,105.16000366210938,105.16000366210938,105.16000366210938,0
2019-10-30,105.30000305175781,105.30000305175781,104.77999877929688,105.11000061035156,12500
2019-10-31,107.06999969482422,107.66000366210938,104.5,107.66000366210938,80
2019-11-01,107.0,107.0,107.0,107.0,250
2019-11-04,107.0,107.0,107.0,107.0,0
2019-11-05,107.0,107.0,107.0,107.0,0
2019-11-06,107.0,107.0,107.0,107.0,0
2019-11-07,107.0,107.0,107.0,107.0,0
2019-11-08,106.0999984741211,106.0999984741211,104.5,104.5,40
2019-11-11,106.0999984741211,106.0999984741211,106.0999984741211,106.0999984741211,0
2019-11-12,106.0999984741211,106.0999984741211,106.0999984741211,106.0999984741211,0
2019-11-13,106.0999984741211,106.0999984741211,106.0999984741211,106.0999984741211,0
2019-11-14,106.0999984741211,106.0999984741211,106.0999984741211,106.0999984741211,0
2019-11-15,106.0999984741211,106.0999984741211,106.0999984741211,106.0999984741211,0
2019-11-18,106.0999984741211,106.0999984741211,106.0999984741211,106.0999984741211,0
2019-11-19,106.0999984741211,106.0999984741211,106.0999984741211,106.0999984741211,0
2019-11-20,106.0999984741211,106.0999984741211,106.0999984741211,106.0999984741211,0
2019-11-21,106.0999984741211,106.0999984741211,106.0999984741211,106.0999984741211,0
2019-11-22,106.0999984741211,106.0999984741211,106.0999984741211,106.0999984741211,0
2019-11-25,106.0,106.0,105.5,105.5,50
2019-11-26,106.0,106.0,106.0,106.0,0
2019-11-27,106.0,106.0,106.0,106.0,0
2019-11-29,105.0,105.0,105.0,105.0,10
2019-12-02,105.9000015258789,105.9000015258789,104.4000015258789,104.4000015258789,30
2019-12-03,105.30000305175781,114.80000305175781,105.30000305175781,114.80000305175781,20
2019-12-04,107.38999938964844,107.38999938964844,107.38999938964844,107.38999938964844,10
2019-12-05,107.38999938964844,107.38999938964844,107.38999938964844,107.38999938964844,0
2019-12-06,107.38999938964844,107.38999938964844,107.38999938964844,107.38999938964844,0
2019-12-09,107.38999938964844,107.38999938964844,107.38999938964844,107.38999938964844,0
2019-12-10,107.38999938964844,107.38999938964844,107.38999938964844,107.38999938964844,0
2019-12-11,107.38999938964844,107.38999938964844,107.38999938964844,107.38999938964844,0
2019-12-12,107.38999938964844,107.38999938964844,107.38999938964844,107.38999938964844,0
2019-12-13,105.0,105.9000015258789,105.0,105.5,50
2019-12-16,105.30000305175781,105.30000305175781,105.30000305175781,105.30000305175781,20
2019-12-17,105.0,105.0,105.0,105.0,310
2019-12-18,105.5,105.5999984741211,102.0,102.0,570
2019-12-19,105.5,105.5,105.5,105.5,0
2019-12-20,105.69999694824219,105.69999694824219,105.69999694824219,105.69999694824219,10
2019-12-23,105.69999694824219,105.69999694824219,105.69999694824219,105.69999694824219,0
2019-12-24,106.5,106.5,106.5,106.5,150
2019-12-26,106.5,106.5,106.5,106.5,0
2019-12-27,106.5,106.5,106.5,106.5,0
2019-12-30,106.5,106.5,106.5,106.5,0
2019-12-31,106.0,106.0,106.0,106.0,30
2020-01-02,106.0,106.0,106.0,106.0,0
2020-01-03,105.80000305175781,105.80000305175781,105.80000305175781,105.80000305175781,20000
2020-01-06,106.5,106.5,106.0,106.0,19930
2020-01-07,106.5,106.5,106.5,106.5,0
2020-01-08,106.5,106.5,106.5,106.5,0
2020-01-09,106.5,106.5,106.5,106.5,0
2020-01-10,106.5,106.5,106.5,106.5,0
2020-01-13,106.5,106.5,106.5,106.5,0
2020-01-14,106.5,106.5,106.5,106.5,0
2020-01-15,106.5,106.5,106.5,106.5,0
2020-01-16,106.5,106.5,106.5,106.5,0
2020-01-17,116.30000305175781,116.30000305175781,116.30000305175781,116.30000305175781,30
2020-01-21,107.0999984741211,116.4000015258789,107.0999984741211,116.4000015258789,140
2020-01-22,107.0999984741211,107.0999984741211,107.0999984741211,107.0999984741211,0
2020-01-23,107.0999984741211,107.0999984741211,107.0999984741211,107.0999984741211,0
2020-01-24,106.12000274658203,109.80000305175781,106.12000274658203,109.80000305175781,60
2020-01-27,106.12000274658203,106.12000274658203,106.12000274658203,106.12000274658203,0
2020-01-28,106.12000274658203,106.12000274658203,106.12000274658203,106.12000274658203,0
2020-01-29,106.12000274658203,106.12000274658203,106.12000274658203,106.12000274658203,0
2020-01-30,106.9000015258789,106.9000015258789,106.9000015258789,106.9000015258789,10
2020-01-31,106.9000015258789,106.9000015258789,106.9000015258789,106.9000015258789,0
2020-02-03,106.9000015258789,106.9000015258789,106.9000015258789,106.9000015258789,0
2020-02-04,106.9000015258789,106.9000015258789,106.9000015258789,106.9000015258789,0
2020-02-05,106.9000015258789,106.9000015258789,106.9000015258789,106.9000015258789,0
2020-02-06,106.30000305175781,106.83000183105469,106.30000305175781,106.30000305175781,210
2020-02-07,106.30000305175781,106.30000305175781,106.30000305175781,106.30000305175781,0
2020-02-10,106.30000305175781,106.30000305175781,106.30000305175781,106.30000305175781,0
2020-02-11,106.33999633789062,106.33999633789062,106.33999633789062,106.33999633789062,40
2020-02-12,106.33999633789062,106.33999633789062,106.33999633789062,106.33999633789062,0
2020-02-13,106.33999633789062,106.33999633789062,106.33999633789062,106.33999633789062,0
2020-02-14,106.33999633789062,106.33999633789062,106.33999633789062,106.33999633789062,680
2020-02-18,106.33999633789062,106.33999633789062,106.33999633789062,106.33999633789062,0
2020-02-19,106.33999633789062,106.33999633789062,106.33999633789062,106.33999633789062,0
2020-02-20,106.33999633789062,106.33999633789062,106.33999633789062,106.33999633789062,0
2020-02-21,106.33999633789062,106.33999633789062,106.33999633789062,106.33999633789062,0
2020-02-24,106.33999633789062,106.33999633789062,106.33999633789062,106.33999633789062,0
2020-02-25,106.33999633789062,106.33999633789062,106.33999633789062,106.33999633789062,0
2020-02-26,106.33999633789062,106.33999633789062,106.33999633789062,106.33999633789062,0
2020-02-27,106.33999633789062,106.33999633789062,106.33999633789062,106.33999633789062,0
2020-02-28,106.5,106.5,106.5,106.5,260
2020-03-02,107.0,107.0,106.5,106.5,150
2020-03-03,107.0,107.0,107.0,107.0,0
2020-03-04,107.0,107.0,107.0,107.0,0
2020-03-05,107.0,107.0,107.0,107.0,220
2020-03-06,107.0,107.0,107.0,107.0,0
2020-03-09,107.0,107.0,107.0,107.0,0
2020-03-10,107.0,107.0,107.0,107.0,0
2020-03-11,106.5,107.19999694824219,106.5,107.19999694824219,20
2020-03-12,106.5,106.5,106.5,106.5,0
2020-03-13,106.0,106.0,106.0,106.0,2950
2020-03-16,106.0,106.0,106.0,106.0,0
2020-03-17,104.5,104.5,104.5,104.5,20
2020-03-18,104.5,104.5,104.5,104.5,0
2020-03-19,104.5,104.5,104.5,104.5,0
2020-03-20,104.5,104.5,104.5,104.5,0
2020-03-23,107.19999694824219,107.19999694824219,98.0,98.0,50
2020-03-24,107.69999694824219,107.69999694824219,107.69999694824219,107.69999694824219,10
2020-03-25,107.69999694824219,107.69999694824219,107.69999694824219,107.69999694824219,0
2020-03-26,107.69999694824219,107.69999694824219,107.69999694824219,107.69999694824219,0
2020-03-27,107.69999694824219,107.69999694824219,107.69999694824219,107.69999694824219,0
2020-03-30,107.69999694824219,107.69999694824219,107.69999694824219,107.69999694824219,0
2020-03-31,107.69999694824219,107.69999694824219,107.69999694824219,107.69999694824219,780
2020-04-01,106.0,106.0999984741211,106.0,106.0999984741211,70
2020-04-02,106.0,106.0,106.0,106.0,0
2020-04-03,106.0,106.0,106.0,106.0,0
2020-04-06,106.0,106.0,106.0,106.0,0
2020-04-07,106.0,106.0,106.0,106.0,0
2020-04-08,106.5999984741211,106.5999984741211,106.5999984741211,106.5999984741211,60
2020-04-09,106.5999984741211,106.5999984741211,106.5999984741211,106.5999984741211,0
2020-04-13,106.5999984741211,106.5999984741211,106.5999984741211,106.5999984741211,0
2020-04-14,106.5999984741211,106.5999984741211,106.5999984741211,106.5999984741211,0
2020-04-15,106.55000305175781,106.69999694824219,106.55000305175781,106.69999694824219,80
2020-04-16,106.80000305175781,106.80000305175781,106.80000305175781,106.80000305175781,160
2020-04-17,106.80000305175781,106.80000305175781,106.80000305175781,106.80000305175781,0
2020-04-20,106.80000305175781,106.80000305175781,106.80000305175781,106.80000305175781,0
2020-04-21,106.80000305175781,106.80000305175781,106.80000305175781,106.80000305175781,0
2020-04-22,106.80000305175781,106.80000305175781,106.80000305175781,106.80000305175781,0
2020-04-23,106.80000305175781,106.80000305175781,106.80000305175781,106.80000305175781,0
2020-04-24,106.80000305175781,106.80000305175781,106.80000305175781,106.80000305175781,0
2020-04-27,106.80000305175781,106.80000305175781,106.80000305175781,106.80000305175781,0
2020-04-28,107.0999984741211,107.0999984741211,107.0999984741211,107.0999984741211,10
2020-04-29,118.5,118.5,109.5,109.5,100
2020-04-30,118.5,118.5,118.5,118.5,0
2020-05-01,118.5,118.5,118.5,118.5,0
2020-05-04,114.80000305175781,114.80000305175781,114.4000015258789,114.4000015258789,40
2020-05-05,114.80000305175781,114.80000305175781,114.80000305175781,114.80000305175781,0
2020-05-06,110.72000122070312,110.72000122070312,106.69999694824219,106.69999694824219,70
2020-05-07,110.72000122070312,110.72000122070312,110.72000122070312,110.72000122070312,0
2020-05-08,110.72000122070312,110.72000122070312,110.72000122070312,110.72000122070312,0
2020-05-11,110.72000122070312,110.72000122070312,110.72000122070312,110.72000122070312,0
2020-05-12,110.72000122070312,110.72000122070312,110.72000122070312,110.72000122070312,0
2020-05-13,110.72000122070312,110.72000122070312,110.72000122070312,110.72000122070312,0
2020-05-14,110.72000122070312,110.72000122070312,110.72000122070312,110.72000122070312,0
2020-05-15,110.72000122070312,110.72000122070312,110.72000122070312,110.72000122070312,0
2020-05-18,110.72000122070312,110.72000122070312,110.72000122070312,110.72000122070312,0
2020-05-19,110.72000122070312,110.72000122070312,110.72000122070312,110.72000122070312,0
2020-05-20,110.72000122070312,110.72000122070312,110.72000122070312,110.72000122070312,0
2020-05-21,110.72000122070312,110.72000122070312,110.72000122070312,110.72000122070312,0
2020-05-22,110.72000122070312,110.72000122070312,110.72000122070312,110.72000122070312,0
2020-05-26,110.72000122070312,110.72000122070312,110.72000122070312,110.72000122070312,0
2020-05-27,110.72000122070312,110.72000122070312,110.72000122070312,110.72000122070312,0
2020-05-28,110.72000122070312,110.72000122070312,110.72000122070312,110.72000122070312,0
2020-05-29,110.72000122070312,110.72000122070312,110.72000122070312,110.72000122070312,0
2020-06-01,110.72000122070312,110.72000122070312,110.72000122070312,110.72000122070312,0
2020-06-02,110.72000122070312,110.72000122070312,110.72000122070312,110.72000122070312,0
2020-06-03,110.72000122070312,110.72000122070312,110.72000122070312,110.72000122070312,0
2020-06-04,110.72000122070312,110.72000122070312,110.72000122070312,110.72000122070312,0
2020-06-05,110.72000122070312,110.72000122070312,110.72000122070312,110.72000122070312,0
2020-06-08,110.72000122070312,110.72000122070312,110.72000122070312,110.72000122070312,0
2020-06-09,110.0999984741211,110.0999984741211,110.0,110.0,50
2020-06-10,109.08999633789062,110.0,107.5,107.5,180
2020-06-11,109.08999633789062,109.08999633789062,109.08999633789062,109.08999633789062,0
2020-06-12,109.08999633789062,109.08999633789062,109.08999633789062,109.08999633789062,0
2020-06-15,109.08999633789062,109.08999633789062,109.08999633789062,109.08999633789062,10
2020-06-16,109.08999633789062,109.08999633789062,109.08999633789062,109.08999633789062,0
2020-06-17,109.08999633789062,109.08999633789062,109.08999633789062,109.08999633789062,10
2020-06-18,110.5,110.5,109.0,110.5,710
2020-06-19,109.16000366210938,110.5,109.16000366210938,110.5,190
2020-06-22,109.16000366210938,109.16000366210938,109.16000366210938,109.16000366210938,0
2020-06-23,109.25,110.5,109.25,110.5,440
2020-06-24,109.5,110.5,109.0,110.5,270
2020-06-25,110.5,110.5,107.69999694824219,109.30999755859375,150
2020-06-26,110.5,110.5,110.5,110.5,10
2020-06-29,110.5,110.5,110.0,110.5,400
2020-06-30,105.0,110.5,105.0,110.5,340
2020-07-01,105.0,105.0,105.0,105.0,0
2020-07-02,108.79000091552734,110.5,107.5199966430664,110.5,290
2020-07-06,109.9000015258789,110.5,109.9000015258789,110.4000015258789,310
2020-07-07,108.69999694824219,108.69999694824219,107.5,107.5,50
2020-07-08,110.0,110.0,109.0,110.0,110
2020-07-09,109.30000305175781,109.9000015258789,109.30000305175781,109.9000015258789,30
2020-07-10,109.4000015258789,109.4000015258789,108.0,109.4000015258789,480
2020-07-13,108.3499984741211,109.4000015258789,108.19999694824219,109.4000015258789,620
2020-07-14,109.4000015258789,109.4000015258789,108.8499984741211,108.8499984741211,90
2020-07-15,109.4000015258789,109.4000015258789,109.4000015258789,109.4000015258789,350
2020-07-16,109.0999984741211,109.4000015258789,107.5,109.4000015258789,390
2020-07-17,107.0,107.5,107.0,107.5,2020
2020-07-20,107.5,107.5,106.5999984741211,107.0,2780
2020-07-21,107.0,107.0,107.0,107.0,30
2020-07-22,107.0,110.0,107.0,110.0,230
2020-07-23,107.0,107.0,107.0,107.0,0
2020-07-24,107.0,107.0,107.0,107.0,30
2020-07-27,107.0,107.0,107.0,107.0,0
2020-07-28,107.5999984741211,110.3499984741211,107.5999984741211,110.3499984741211,130
2020-07-29,107.5,109.0999984741211,107.5,107.5,13890
2020-07-30,107.5,107.5,107.5,107.5,0
2020-07-31,107.19999694824219,108.04000091552734,107.0,108.04000091552734,610
2020-08-03,107.0999984741211,107.0999984741211,107.0999984741211,107.0999984741211,10
2020-08-04,107.0999984741211,107.0999984741211,107.0999984741211,107.0999984741211,90
2020-08-05,107.0999984741211,108.0,107.0999984741211,108.0,7500
2020-08-06,107.0999984741211,107.55000305175781,107.0999984741211,107.55000305175781,430
2020-08-07,106.19999694824219,107.0999984741211,106.19999694824219,107.0999984741211,3220
2020-08-10,106.5999984741211,107.30000305175781,106.5999984741211,107.30000305175781,1030
2020-08-11,106.5999984741211,106.5999984741211,106.5999984741211,106.5999984741211,1000
2020-08-12,106.5999984741211,106.5999984741211,106.5999984741211,106.5999984741211,0
2020-08-13,106.5999984741211,108.0,106.5999984741211,107.9000015258789,680
2020-08-14,106.5999984741211,106.5999984741211,106.5999984741211,106.5999984741211,0
2020-08-17,106.5999984741211,106.5999984741211,106.5999984741211,106.5999984741211,0
2020-08-18,107.4000015258789,107.4000015258789,106.80000305175781,106.80000305175781,90
2020-08-19,107.4000015258789,107.4000015258789,107.4000015258789,107.4000015258789,0
2020-08-20,107.4000015258789,107.4000015258789,107.4000015258789,107.4000015258789,0
2020-08-21,107.4000015258789,107.4000015258789,107.4000015258789,107.4000015258789,0
2020-08-24,107.5199966430664,107.5199966430664,107.0,107.5,120
2020-08-25,107.5199966430664,107.5199966430664,107.5199966430664,107.5199966430664,0
2020-08-26,107.0999984741211,108.0,107.0999984741211,108.0,160
2020-08-27,107.0999984741211,107.0999984741211,107.0999984741211,107.0999984741211,30
2020-08-28,107.0999984741211,107.0999984741211,107.0999984741211,107.0999984741211,210
2020-08-31,107.0,107.58999633789062,107.0,107.58999633789062,120
2020-09-01,107.0,107.0,107.0,107.0,430
2020-09-02,106.80000305175781,107.0999984741211,106.80000305175781,107.0999984741211,110
2020-09-03,107.2699966430664,107.2699966430664,107.0,107.0,180
2020-09-04,107.69999694824219,107.69999694824219,107.69999694824219,107.69999694824219,80
2020-09-08,107.69999694824219,107.69999694824219,107.69999694824219,107.69999694824219,0
2020-09-09,107.0,107.19999694824219,107.0,107.0,160
2020-09-10,107.80000305175781,107.80000305175781,107.80000305175781,107.80000305175781,10
2020-09-11,107.80000305175781,107.80000305175781,107.80000305175781,107.80000305175781,0
2020-09-14,107.5,107.5,107.5,107.5,10
2020-09-15,106.80000305175781,106.80000305175781,106.80000305175781,106.80000305175781,10
2020-09-16,106.80000305175781,106.80000305175781,106.80000305175781,106.80000305175781,0
2020-09-17,106.80000305175781,106.80000305175781,106.80000305175781,106.80000305175781,30
2020-09-18,106.80000305175781,106.80000305175781,106.80000305175781,106.80000305175781,0
2020-09-21,106.80000305175781,106.80000305175781,106.80000305175781,106.80000305175781,10
2020-09-22,107.5199966430664,107.5199966430664,107.30000305175781,107.30000305175781,20
2020-09-23,107.30000305175781,107.30000305175781,107.30000305175781,107.30000305175781,10
2020-09-24,107.30000305175781,107.30000305175781,107.30000305175781,107.30000305175781,0
2020-09-25,107.30000305175781,107.30000305175781,107.30000305175781,107.30000305175781,0
2020-09-28,107.30000305175781,107.30000305175781,107.30000305175781,107.30000305175781,0
2020-09-29,107.30000305175781,107.30000305175781,107.30000305175781,107.30000305175781,0
2020-09-30,107.30000305175781,107.30000305175781,107.30000305175781,107.30000305175781,0
2020-10-01,108.0999984741211,108.0999984741211,107.5999984741211,107.5999984741211,390
2020-10-02,107.80000305175781,107.80000305175781,107.25,107.30000305175781,280
2020-10-05,107.66000366210938,107.87999725341797,107.66000366210938,107.87999725341797,90
2020-10-06,107.66000366210938,107.66000366210938,107.66000366210938,107.66000366210938,0
2020-10-07,107.83999633789062,107.87999725341797,107.30000305175781,107.30000305175781,380
2020-10-08,107.83999633789062,107.83999633789062,107.83999633789062,107.83999633789062,0
2020-10-09,107.83999633789062,107.83999633789062,107.83999633789062,107.83999633789062,0
2020-10-12,107.83999633789062,107.83999633789062,107.83999633789062,107.83999633789062,0
2020-10-13,107.83999633789062,107.83999633789062,107.83999633789062,107.83999633789062,0
2020-10-14,107.83999633789062,107.83999633789062,107.83999633789062,107.83999633789062,0
2020-10-15,107.83999633789062,107.83999633789062,107.83999633789062,107.83999633789062,0
2020-10-16,107.83999633789062,107.83999633789062,107.83999633789062,107.83999633789062,0
2020-10-19,107.83999633789062,107.83999633789062,107.83999633789062,107.83999633789062,10
2020-10-20,107.83999633789062,107.83999633789062,107.83999633789062,107.83999633789062,10
2020-10-21,107.83999633789062,107.83999633789062,107.83999633789062,107.83999633789062,0
2020-10-22,107.83999633789062,107.83999633789062,107.83999633789062,107.83999633789062,10
2020-10-23,107.83999633789062,107.83999633789062,107.83999633789062,107.83999633789062,0
2020-10-26,107.83999633789062,107.83999633789062,107.83999633789062,107.83999633789062,0
2020-10-27,107.83999633789062,107.83999633789062,107.83999633789062,107.83999633789062,0
2020-10-28,107.83999633789062,107.83999633789062,107.83999633789062,107.83999633789062,0
2020-10-29,107.83999633789062,107.83999633789062,107.83999633789062,107.83999633789062,0
2020-10-30,107.83999633789062,107.83999633789062,107.83999633789062,107.83999633789062,0
2020-11-02,107.83999633789062,107.83999633789062,107.83999633789062,107.83999633789062,0
2020-11-03,107.83999633789062,107.83999633789062,107.83999633789062,107.83999633789062,0
2020-11-04,107.83999633789062,107.83999633789062,107.83999633789062,107.83999633789062,0
2020-11-05,107.4000015258789,107.4000015258789,107.4000015258789,107.4000015258789,10
2020-11-06,107.4000015258789,107.4000015258789,107.4000015258789,107.4000015258789,0
2020-11-09,107.4000015258789,107.4000015258789,107.4000015258789,107.4000015258789,0
2020-11-10,107.4000015258789,107.4000015258789,107.4000015258789,107.4000015258789,0
2020-11-11,107.4000015258789,107.4000015258789,107.4000015258789,107.4000015258789,0
2020-11-12,107.4000015258789,107.4000015258789,107.4000015258789,107.4000015258789,0
2020-11-13,107.5,107.5,107.5,107.5,40
2020-11-16,107.5,107.5,107.5,107.5,0
2020-11-17,107.69999694824219,107.69999694824219,107.69999694824219,107.69999694824219,80
2020-11-18,107.69999694824219,107.69999694824219,107.69999694824219,107.69999694824219,0
2020-11-19,109.0,109.0,109.0,109.0,30
2020-11-20,108.0999984741211,108.0999984741211,108.0199966430664,108.0199966430664,60
2020-11-23,108.0999984741211,108.0999984741211,108.0999984741211,108.0999984741211,20
2020-11-24,108.0999984741211,108.0999984741211,108.0999984741211,108.0999984741211,0
2020-11-25,108.0999984741211,108.0999984741211,108.0999984741211,108.0999984741211,0
2020-11-27,108.30000305175781,108.69999694824219,108.30000305175781,108.30000305175781,200
2020-11-30,108.69999694824219,109.0,107.5999984741211,107.5999984741211,410
2020-12-01,109.0,109.0,109.0,109.0,150
2020-12-02,109.0,109.0,109.0,109.0,0
2020-12-03,109.0,109.0,109.0,109.0,0
2020-12-04,109.0,109.0,108.9000015258789,108.9000015258789,100
2020-12-07,108.44999694824219,109.0,107.62999725341797,109.0,270
2020-12-08,108.9000015258789,109.5,108.25,108.27999877929688,930
2020-12-09,108.69999694824219,109.4800033569336,108.5999984741211,108.93000030517578,290
2020-12-10,110.5,110.5,108.73999786376953,108.73999786376953,4130
2020-12-11,117.5,118.0,109.4000015258789,109.5,6950
2020-12-14,152.0,165.0,121.25,153.89999389648438,60730
2020-12-15,141.0,155.0,135.5,150.0,10390
2020-12-16,130.89999389648438,139.89999389648438,130.0,137.89999389648438,3570
2020-12-17,156.0,169.6999969482422,130.0,131.0,10930
2020-12-18,152.5,159.0,146.60000610351562,157.0,4160
2020-12-21,246.0,374.1000061035156,152.60000610351562,154.89999389648438,40780
2020-12-22,383.6000061035156,769.9000244140625,330.0400085449219,335.0,255190
2020-12-23,301.5,408.8999938964844,290.0,379.8999938964844,35190
2020-12-24,296.3500061035156,325.0,279.0,311.6000061035156,9250
2020-12-28,336.5,337.79998779296875,290.1000061035156,305.0,15020
2020-12-29,319.6000061035156,322.70001220703125,287.1000061035156,300.79998779296875,5350
2020-12-30,271.3999938964844,288.0,249.0,266.0,10990
2020-12-31,244.0,287.6000061035156,240.1999969482422,271.6000061035156,2930
2021-01-04,240.10000610351562,268.29998779296875,230.5,268.29998779296875,3530
2021-01-05,234.61000061035156,237.10000610351562,226.0,237.10000610351562,2080
2021-01-06,228.5,231.39999389648438,211.89999389648438,231.39999389648438,3550
2021-01-07,246.10000610351562,250.0,208.60000610351562,228.5,4860
2021-01-08,304.6000061035156,310.0,242.8300018310547,250.1999969482422,6760
2021-01-11,299.6000061035156,312.70001220703125,273.5,312.70001220703125,5110
2021-01-12,289.8999938964844,304.0,270.1000061035156,280.0,9040
2021-01-13,284.29998779296875,296.0,272.1499938964844,281.8999938964844,5240
2021-01-14,293.70001220703125,293.70001220703125,284.0,288.79998779296875,2770
2021-01-15,299.6000061035156,300.0,287.5,293.0,2670
2021-01-19,326.0,330.0,300.0,307.70001220703125,7490
2021-01-20,409.0,425.5,332.1000061035156,333.0,9560
2021-01-21,445.0,499.6000061035156,421.5,444.79998779296875,13160
2021-01-22,404.54998779296875,440.0,401.1000061035156,440.0,3580
2021-01-25,350.1000061035156,402.1000061035156,310.1000061035156,400.3999938964844,17620
2021-01-26,357.70001220703125,377.70001220703125,333.6000061035156,354.6000061035156,9330
2021-01-27,360.3999938964844,376.3999938964844,333.3999938964844,350.0,13700
2021-01-28,540.0,585.0,390.0,440.0,14940
2021-01-29,587.4000244140625,633.0700073242188,492.6000061035156,580.0,7870
2021-02-01,588.5,596.8099975585938,500.0,583.0999755859375,3660
2021-02-02,627.0999755859375,642.0,540.2999877929688,580.0,4160
2021-02-03,620.9000244140625,628.0,586.5999755859375,628.0,3490
2021-02-04,582.7000122070312,639.0,580.0999755859375,630.5999755859375,4750
2021-02-05,585.0999755859375,602.1500244140625,575.4000244140625,594.7000122070312,2070
2021-02-08,592.4000244140625,627.5999755859375,552.0999755859375,623.0,4360
2021-02-09,393.5,528.8300170898438,386.8999938964844,500.1000061035156,23790
2021-02-10,394.0,433.0,390.0,420.0,7560
2021-02-11,380.0,409.5,370.5,393.3999938964844,4270
2021-02-12,358.1000061035156,400.0,353.20001220703125,386.20001220703125,4300
2021-02-16,377.8999938964844,420.0,359.6000061035156,420.0,3880
2021-02-17,362.8800048828125,383.8999938964844,350.5,353.29998779296875,1850
2021-02-18,362.3999938964844,383.1400146484375,350.5,351.55999755859375,2790
2021-02-19,389.8999938964844,390.0,375.0,384.29998779296875,2420
2021-02-22,360.6000061035156,390.1000061035156,355.6000061035156,390.0,1730
2021-02-23,436.1000061035156,445.20001220703125,285.20001220703125,354.70001220703125,8740
2021-02-24,424.70001220703125,513.27001953125,415.0,499.0,7620
2021-02-25,384.4800109863281,420.0,363.4800109863281,412.0,2200
2021-02-26,385.1000061035156,409.5,370.6199951171875,383.0,2710
2021-03-01,361.8999938964844,418.3299865722656,351.1000061035156,400.0,1770
2021-03-02,343.1000061035156,363.1000061035156,333.29998779296875,363.1000061035156,1350
2021-03-03,312.20001220703125,348.5,312.20001220703125,348.5,820
2021-03-04,282.0,339.20001220703125,281.20001220703125,316.29998779296875,2120
2021-03-05,267.8999938964844,293.29998779296875,250.0,282.79998779296875,3860
2021-03-08,274.29998779296875,294.20001220703125,262.6000061035156,268.1000061035156,1490
2021-03-09,280.5,291.54998779296875,265.260009765625,277.5,3110
2021-03-10,267.04998779296875,285.0,261.6600036621094,285.0,2740
2021-03-11,255.6999969482422,279.29998779296875,250.89999389648438,260.1000061035156,1810
2021-03-12,261.79998779296875,269.7300109863281,252.74000549316406,252.74000549316406,730
2021-03-15,283.6000061035156,290.0,261.8999938964844,272.6000061035156,1680
2021-03-16,315.20001220703125,330.0,289.3999938964844,300.0,3640
2021-03-17,307.3999938964844,315.20001220703125,292.19000244140625,315.20001220703125,1020
2021-03-18,280.1000061035156,304.8999938964844,280.0,294.79998779296875,1410
2021-03-19,287.5,300.0,284.70001220703125,294.6000061035156,1870
2021-03-22,270.0,298.70001220703125,270.0,287.5,940
2021-03-23,275.0,289.1199951171875,265.1000061035156,281.1000061035156,1960
2021-03-24,279.70001220703125,298.70001220703125,267.5,270.20001220703125,3890
2021-03-25,268.1000061035156,278.3999938964844,255.5,260.0,1430
2021-03-26,365.489990234375,400.0,257.5,274.0299987792969,8120
2021-03-29,411.20001220703125,570.0,380.0,569.0,18900
2021-03-30,362.20001220703125,390.0,350.0,390.0,2530
2021-03-31,354.20001220703125,368.7200012207031,333.0,358.20001220703125,1550
2021-04-01,377.3999938964844,399.8999938964844,359.92999267578125,384.8999938964844,1310
2021-04-05,390.79998779296875,410.0,360.0,410.0,1200
2021-04-06,409.79998779296875,414.32000732421875,385.29998779296875,385.29998779296875,880
2021-04-07,362.6000061035156,414.3999938964844,336.6000061035156,413.20001220703125,5870
2021-04-08,374.0,400.0,362.3999938964844,362.3999938964844,1350
2021-04-09,371.79998779296875,397.0,362.5,363.8999938964844,1400
2021-04-12,353.6000061035156,365.3999938964844,342.8999938964844,364.0,1150
2021-04-13,330.8999938964844,350.0,330.8999938964844,350.0,620
2021-04-14,323.0,335.0,321.0,330.8999938964844,700
2021-04-15,320.0,339.29998779296875,302.510009765625,320.20001220703125,1270
2021-04-16,359.0,368.5,305.0,310.0,1250
2021-04-19,308.20001220703125,338.6000061035156,286.20001220703125,338.6000061035156,4870
2021-04-20,294.1000061035156,324.8699951171875,291.0,312.0,510
2021-04-21,321.20001220703125,321.20001220703125,290.0,290.0,3720
2021-04-22,329.6000061035156,338.29998779296875,305.20001220703125,310.6000061035156,3150
2021-04-23,343.6000061035156,369.2799987792969,308.79998779296875,315.3999938964844,1510
2021-04-26,390.0,390.0,365.4599914550781,380.0,2360
2021-04-27,445.0,480.0,385.0,400.0,6360
2021-04-28,421.0,438.5,390.0,431.70001220703125,1520
2021-04-29,397.1000061035156,425.0,387.5,421.0,1050
2021-04-30,387.0,409.20001220703125,361.5,392.0,680
2021-05-03,375.75,408.5,366.3999938964844,408.5,850
2021-05-04,363.79998779296875,368.79998779296875,360.0,368.79998779296875,640
2021-05-05,315.0,355.0,315.0,352.79998779296875,1090
2021-05-06,309.29998779296875,316.1000061035156,295.17999267578125,313.5,650
2021-05-07,332.70001220703125,410.0,305.1000061035156,410.0,5980
2021-05-10,319.70001220703125,350.0,306.57000732421875,350.0,1270
2021-05-11,256.0,319.8999938964844,252.6300048828125,305.79998779296875,8920
2021-05-12,266.3999938964844,300.0,260.0,280.0,2190
2021-05-13,256.6000061035156,268.0,253.5,268.0,1470
2021-05-14,230.10000610351562,265.0,219.60000610351562,255.0,5600
2021-05-17,207.3000030517578,253.97999572753906,205.0500030517578,244.89999389648438,3070
2021-05-18,184.10000610351562,203.89999389648438,180.0,203.89999389648438,7600
2021-05-19,191.89999389648438,194.89999389648438,163.39999389648438,179.89999389648438,5110
2021-05-20,360.79998779296875,488.0,190.0,192.8000030517578,285130
2021-05-21,275.20001220703125,420.0,263.0,295.6000061035156,112670
2021-05-24,242.5,304.5,234.6999969482422,304.5,28780
2021-05-25,234.10000610351562,256.5,211.10000610351562,230.10000610351562,8530
2021-05-26,220.0,235.0,210.8000030517578,235.0,13100
2021-05-27,220.3000030517578,226.0,212.4499969482422,219.6999969482422,9910
2021-05-28,220.0,236.5,218.85000610351562,230.0,8910
2021-06-01,217.8000030517578,234.0,205.63999938964844,234.0,14400
2021-06-02,211.10000610351562,215.39999389648438,206.0,215.0,8520
2021-06-03,214.60000610351562,215.0,204.86000061035156,210.0,6220
2021-06-04,197.0,217.0,187.8000030517578,216.10000610351562,22920
2021-06-07,187.89999389648438,207.6699981689453,185.6999969482422,196.6999969482422,18240
2021-06-08,171.1999969482422,199.89999389648438,166.1199951171875,196.89999389648438,38420
2021-06-09,178.60000610351562,217.5,171.0,179.27000427246094,48960
2021-06-10,181.3000030517578,190.1999969482422,172.10000610351562,175.0,13130
2021-06-11,188.5,189.10000610351562,177.1999969482422,182.89999389648438,9580
2021-06-14,180.0,193.60000610351562,179.39999389648438,187.6999969482422,13060
2021-06-15,175.1999969482422,198.47999572753906,173.0,198.47999572753906,24750
2021-06-16,174.6999969482422,182.10000610351562,172.1999969482422,172.60000610351562,27660
2021-06-17,157.8000030517578,180.25,153.30999755859375,180.25,42920
2021-06-18,148.60000610351562,157.5,147.6999969482422,155.3000030517578,38910
2021-06-21,140.60000610351562,151.5,136.39999389648438,151.0,36980
2021-06-22,133.0,140.89999389648438,130.0,140.89999389648438,34770
2021-06-23,133.5,138.10000610351562,132.5,135.3000030517578,8760
2021-06-24,139.0,140.1999969482422,135.0,135.39999389648438,10570
2021-06-25,140.5,142.1999969482422,135.8000030517578,139.0,9960
2021-06-28,128.60000610351562,141.5,126.5,140.10000610351562,23710
2021-06-29,119.4000015258789,131.0,119.0999984741211,129.60000610351562,20150
2021-06-30,116.19999694824219,119.5999984741211,112.19999694824219,119.0999984741211,15880
2021-07-01,119.30000305175781,121.5,116.69999694824219,116.80000305175781,9320
2021-07-02,119.4000015258789,122.69999694824219,116.69999694824219,121.69999694824219,9020
2021-07-06,109.80000305175781,122.5,109.0,119.9000015258789,16480
2021-07-07,104.5999984741211,112.5,104.5,109.80000305175781,8030
2021-07-08,98.5,103.9000015258789,93.5999984741211,103.9000015258789,11420
2021-07-09,115.0999984741211,119.80000305175781,99.69999694824219,102.9000015258789,34000
2021-07-12,96.5,148.60000610351562,94.0999984741211,112.69999694824219,204920
2021-07-13,108.30000305175781,114.69999694824219,99.0,103.0999984741211,48930
2021-07-14,100.19999694824219,111.19999694824219,99.0,108.1500015258789,26710
2021-07-15,95.19999694824219,102.5,94.0999984741211,99.0,14830
2021-07-16,85.19999694824219,96.30000305175781,83.9000015258789,96.30000305175781,32430
2021-07-19,123.80000305175781,149.3000030517578,110.19999694824219,125.0,6547210
2021-07-20,103.19999694824219,119.0,102.05000305175781,117.5999984741211,277140
2021-07-21,101.0999984741211,109.9000015258789,97.5999984741211,101.5999984741211,115410
2021-07-22,164.5,182.8000030517578,110.5999984741211,116.69999694824219,5837630
2021-07-23,247.6999969482422,262.3999938964844,165.5,202.0,5814750
2021-07-26,186.89999389648438,237.6999969482422,178.0,218.89999389648438,898750
2021-07-27,179.0,223.89999389648438,161.10000610351562,161.5,2789960
2021-07-28,162.5,187.1999969482422,161.60000610351562,173.1999969482422,326110
2021-07-29,151.5,176.3000030517578,146.0,163.89999389648438,441610
2021-07-30,151.8000030517578,172.0,140.10000610351562,147.0,389800
2021-08-02,162.0,168.89999389648438,148.1999969482422,152.39999389648438,295650
2021-08-03,160.1999969482422,166.8000030517578,155.0,165.1999969482422,157160
2021-08-04,146.60000610351562,168.10000610351562,143.6999969482422,159.1999969482422,203510
2021-08-05,139.10000610351562,153.0,138.10000610351562,143.39999389648438,137390
2021-08-06,137.39999389648438,145.89999389648438,132.5,141.5,131960
2021-08-09,158.0,163.39999389648438,140.10000610351562,141.10000610351562,260220
2021-08-10,178.60000610351562,197.5,155.0,161.5,452970
2021-08-11,160.0,174.0,156.24000549316406,171.60000610351562,130190
2021-08-12,154.10000610351562,164.0,150.0,160.0,103630
2021-08-13,152.1999969482422,158.88999938964844,148.5,154.0399932861328,96450
2021-08-16,142.5,153.8000030517578,136.8000030517578,153.8000030517578,89890
2021-08-17,124.69999694824219,146.0,120.80000305175781,140.89999389648438,181040
2021-08-18,139.39999389648438,183.0,117.69999694824219,125.0,1092720
2021-08-19,118.19999694824219,120.19999694824219,108.5999984741211,110.0,321020
2021-08-20,119.0999984741211,123.5999984741211,113.0,117.0999984741211,111020
2021-08-23,137.8000030517578,139.5,119.30000305175781,119.4000015258789,205780
2021-08-24,146.8000030517578,149.8000030517578,131.0,134.1999969482422,200150
2021-08-25,129.10000610351562,145.0500030517578,128.8000030517578,143.5,122170
2021-08-26,132.60000610351562,150.0,131.1999969482422,149.89999389648438,495130
2021-08-27,140.0,143.44000244140625,131.0,131.60000610351562,154240
2021-08-30,146.89999389648438,164.0,143.1999969482422,147.0,348960
2021-08-31,157.0,157.8000030517578,145.0,145.27000427246094,154650
2021-09-01,160.0,164.60000610351562,153.5,156.0,180340
2021-09-02,163.89999389648438,169.89999389648438,156.5,162.1999969482422,184930
2021-09-03,149.10000610351562,162.8000030517578,148.1999969482422,162.5,121460
2021-09-07,129.60000610351562,140.0,126.5,136.3000030517578,202650
2021-09-08,125.0999984741211,131.0,125.0,130.0,72820
2021-09-09,125.80000305175781,126.19999694824219,118.80000305175781,126.0,151160
2021-09-10,120.5,127.0999984741211,118.9000015258789,127.0,117180
2021-09-13,109.80000305175781,120.80000305175781,109.19999694824219,120.5,215160
2021-09-14,126.4000015258789,133.89999389648438,110.69999694824219,115.0,264150
2021-09-15,115.80000305175781,124.4800033569336,114.5,121.8499984741211,173510
2021-09-16,105.0,112.9000015258789,103.5999984741211,112.0,172060
2021-09-17,107.0,107.66000366210938,100.0,105.30000305175781,148960
2021-09-20,100.30000305175781,103.0,97.5,102.5,136350
2021-09-21,104.30000305175781,105.4000015258789,99.0999984741211,102.30000305175781,114580
2021-09-22,101.4000015258789,103.69999694824219,99.0,102.69999694824219,76500
2021-09-23,100.0999984741211,102.0999984741211,98.0999984741211,101.4000015258789,83510
2021-09-24,94.19999694824219,100.83999633789062,93.30000305175781,100.4000015258789,103330
2021-09-27,100.5999984741211,106.4000015258789,93.19999694824219,96.9000015258789,249540
2021-09-28,94.9000015258789,99.9000015258789,92.5,99.0999984741211,103140
2021-09-29,93.5,99.5,92.4000015258789,99.5,81780
2021-09-30,92.69999694824219,93.69999694824219,87.80000305175781,93.69999694824219,62890
2021-10-01,87.30000305175781,91.9000015258789,86.11000061035156,91.9000015258789,74880
2021-10-04,92.0,96.80000305175781,84.22000122070312,87.5,98040
2021-10-05,88.30000305175781,91.93000030517578,87.0999984741211,91.80000305175781,46590
2021-10-06,84.5999984741211,89.0999984741211,83.30000305175781,87.0,68170
2021-10-07,77.9000015258789,84.5,75.5,78.0,114280
2021-10-08,69.5,78.5,69.0,77.0,116580
2021-10-11,67.80000305175781,71.5,64.26000213623047,66.19999694824219,110070
2021-10-12,109.19999694824219,111.4000015258789,65.69999694824219,69.0,1918210
2021-10-13,94.4000015258789,100.0,88.19999694824219,97.0999984741211,544510
2021-10-14,119.0999984741211,134.89999389648438,112.51000213623047,120.30000305175781,6018680
2021-10-15,102.5999984741211,114.5,101.4000015258789,111.19999694824219,465570
2021-10-18,101.69999694824219,108.80000305175781,100.30000305175781,100.5,158520
2021-10-19,109.69999694824219,116.9000015258789,101.69999694824219,102.69999694824219,275280
2021-10-20,110.9000015258789,112.9000015258789,104.19999694824219,109.9000015258789,139740
2021-10-21,106.4000015258789,114.9000015258789,103.0,110.0,140060
2021-10-22,99.0,104.97000122070312,93.0999984741211,104.5,156740
2021-10-25,96.5,100.30000305175781,91.5,94.0,85480
2021-10-26,99.5,102.4000015258789,95.12999725341797,96.5,100920
2021-10-27,103.0999984741211,107.80000305175781,98.27999877929688,99.0,97750
2021-10-28,103.0,107.30000305175781,101.5,103.0,84340
2021-10-29,101.30000305175781,103.0999984741211,99.30000305175781,101.9000015258789,50620
2021-11-01,99.0999984741211,104.0,97.19999694824219,99.5999984741211,63760
2021-11-02,94.69999694824219,101.4000015258789,90.72000122070312,97.69999694824219,145690
2021-11-03,93.9000015258789,98.19999694824219,91.30000305175781,95.4000015258789,77890
2021-11-04,89.19999694824219,93.5,88.5,93.5,181460
2021-11-05,66.5,73.5999984741211,56.0,56.5,492610
2021-11-08,67.19999694824219,74.9000015258789,63.599998474121094,66.9000015258789,142580
2021-11-09,63.79999923706055,68.0,60.79999923706055,66.80000305175781,138970
2021-11-10,60.599998474121094,65.9000015258789,60.0,62.75,94700
2021-11-11,64.4000015258789,72.0,61.959999084472656,62.0,279510
2021-11-12,62.20000076293945,66.69999694824219,60.70000076293945,66.0,121920
2021-11-15,62.0,64.0,60.599998474121094,63.900001525878906,121220
2021-11-16,59.400001525878906,62.0,57.7599983215332,61.900001525878906,110090
2021-11-17,54.099998474121094,60.79999923706055,53.70000076293945,59.0,135000
2021-11-18,50.0,53.79999923706055,49.0,53.70000076293945,149810
2021-11-19,51.29999923706055,53.0,49.20000076293945,51.0,76230
2021-11-22,45.5,52.20000076293945,44.099998474121094,52.08000183105469,120540
2021-11-23,45.0,45.599998474121094,40.70000076293945,43.400001525878906,138880
2021-11-24,45.0,46.5,42.099998474121094,42.400001525878906,59800
2021-11-26,67.5,88.9000015258789,43.97999954223633,46.20000076293945,2183630
2021-11-29,81.0,103.9000015258789,77.0999984741211,101.0,7432970
2021-11-30,66.80000305175781,80.0,64.0999984741211,80.0,656050
2021-12-01,59.400001525878906,69.4000015258789,53.400001525878906,67.5,394350
2021-12-02,64.5,67.0,54.79999923706055,58.599998474121094,282820
2021-12-03,55.0,64.5999984741211,53.79999923706055,63.599998474121094,287750
2021-12-06,59.54999923706055,60.0,50.0,55.599998474121094,251450
2021-12-07,64.0999984741211,65.0,57.79999923706055,58.400001525878906,171750
2021-12-08,59.400001525878906,66.0999984741211,58.900001525878906,63.81999969482422,132570
2021-12-09,57.79999923706055,63.29999923706055,57.099998474121094,59.79999923706055,171130
2021-12-10,58.900001525878906,60.400001525878906,56.0,57.79999923706055,93680
2021-12-13,57.599998474121094,61.400001525878906,55.599998474121094,58.400001525878906,106360
2021-12-14,55.150001525878906,58.900001525878906,54.29999923706055,56.400001525878906,95150
2021-12-15,54.5,57.29999923706055,50.400001525878906,56.29999923706055,149090
2021-12-16,54.5,57.0,54.099998474121094,54.849998474121094,99120
2021-12-17,55.900001525878906,59.0,52.20000076293945,53.900001525878906,253250
2021-12-20,52.0,55.79999923706055,50.599998474121094,55.099998474121094,113960
2021-12-21,55.20000076293945,56.54999923706055,52.099998474121094,52.099998474121094,142710
2021-12-22,52.20000076293945,55.20000076293945,51.099998474121094,55.20000076293945,76640
2021-12-23,50.400001525878906,53.400001525878906,49.20000076293945,51.5,160770
2021-12-27,47.20000076293945,51.0,45.0,50.70000076293945,180800
2021-12-28,45.0,47.900001525878906,44.939998626708984,46.900001525878906,63950
2021-12-29,49.70000076293945,52.0,45.79999923706055,49.599998474121094,626260
2021-12-30,49.599998474121094,51.599998474121094,48.70000076293945,49.5,139060
2021-12-31,47.79999923706055,50.5,47.20000076293945,48.900001525878906,100610
2022-01-03,49.70000076293945,50.400001525878906,45.900001525878906,47.20000076293945,137340
2022-01-04,47.099998474121094,50.900001525878906,46.20000076293945,49.70000076293945,69950
2022-01-05,48.5,50.70000076293945,47.70000076293945,50.099998474121094,172520
2022-01-06,50.400001525878906,51.5,48.0,48.5,191230
2022-01-07,46.70000076293945,51.0,46.599998474121094,50.79999923706055,120900
2022-01-10,49.79999923706055,49.79999923706055,45.79999923706055,48.0,116390
2022-01-11,50.0,50.70000076293945,47.79999923706055,48.599998474121094,70250
2022-01-12,47.5,50.099998474121094,46.599998474121094,50.0,67080
2022-01-13,43.900001525878906,47.900001525878906,42.5,47.0,117410
2022-01-14,43.599998474121094,44.70000076293945,43.0,43.5,61040
2022-01-18,40.0,43.79999923706055,39.79999923706055,43.79999923706055,97850
2022-01-19,34.900001525878906,40.79999923706055,34.099998474121094,39.75,151980
2022-01-20,36.099998474121094,38.70000076293945,35.0,35.400001525878906,69380
2022-01-21,33.099998474121094,36.0,32.099998474121094,35.5,72540
2022-01-24,31.399999618530273,31.899999618530273,28.5,30.899999618530273,91830
2022-01-25,31.700000762939453,32.0,29.600000381469727,30.399999618530273,41570
2022-01-26,30.5,33.599998474121094,30.200000762939453,33.0,60830
2022-01-27,28.600000381469727,31.850000381469727,28.0,31.850000381469727,56470
2022-01-28,31.200000762939453,31.899999618530273,28.600000381469727,28.700000762939453,62710
2022-01-31,29.700000762939453,29.899999618530273,27.600000381469727,29.799999237060547,170490
2022-02-01,32.29999923706055,33.0,29.799999237060547,30.200000762939453,121880
2022-02-02,29.399999618530273,32.29999923706055,29.299999237060547,32.150001525878906,69940
2022-02-03,29.899999618530273,31.200000762939453,28.600000381469727,29.100000381469727,68170
2022-02-04,29.299999237060547,30.200000762939453,29.200000762939453,29.5,47600
2022-02-07,27.5,30.360000610351562,27.399999618530273,30.0,85780
2022-02-08,26.200000762939453,28.0,25.700000762939453,27.600000381469727,81450
2022-02-09,27.299999237060547,27.899999618530273,26.0,26.100000381469727,102800
2022-02-10,27.0,28.299999237060547,26.5,26.5,53300
2022-02-11,25.600000381469727,27.399999618530273,24.299999237060547,27.399999618530273,105120
2022-02-14,30.100000381469727,30.899999618530273,24.899999618530273,25.0,289120
2022-02-15,30.399999618530273,33.400001525878906,29.100000381469727,30.600000381469727,168070
2022-02-16,32.20000076293945,32.400001525878906,29.700000762939453,30.100000381469727,81690
2022-02-17,29.399999618530273,32.27000045776367,29.100000381469727,32.20000076293945,69150
2022-02-18,28.399999618530273,30.0,26.700000762939453,30.0,87130
2022-02-22,28.0,29.5,28.0,28.399999618530273,29970
2022-02-23,27.700000762939453,29.0,27.5,28.5,47550
2022-02-24,28.149999618530273,28.299999237060547,25.0,25.0,56100
2022-02-25,29.399999618530273,30.5,27.809999465942383,28.0,56450
2022-02-28,29.899999618530273,30.0,28.600000381469727,29.799999237060547,38940
2022-03-01,28.299999237060547,30.799999237060547,28.200000762939453,29.299999237060547,63560
2022-03-02,28.850000381469727,29.0,26.100000381469727,28.399999618530273,104980
2022-03-03,26.899999618530273,29.299999237060547,26.299999237060547,29.299999237060547,73640
2022-03-04,25.299999237060547,27.200000762939453,24.700000762939453,26.5,45630
2022-03-07,25.0,26.799999237060547,24.200000762939453,25.0,68370
2022-03-08,26.100000381469727,26.700000762939453,23.799999237060547,25.0,70190
2022-03-09,33.0,35.400001525878906,26.700000762939453,26.700000762939453,257870
2022-03-10,30.399999618530273,31.899999618530273,29.700000762939453,30.799999237060547,62980
2022-03-11,29.0,31.600000381469727,28.639999389648438,30.899999618530273,35830
2022-03-14,31.600000381469727,32.599998474121094,29.299999237060547,30.200000762939453,75350
2022-03-15,31.0,32.5,30.200000762939453,31.600000381469727,39610
2022-03-16,32.70000076293945,33.5,31.40999984741211,31.799999237060547,56980
2022-03-17,32.400001525878906,34.20000076293945,32.0,32.0,62910
2022-03-18,31.5,34.0,30.700000762939453,32.400001525878906,124050
2022-03-21,29.299999237060547,31.899999618530273,29.100000381469727,31.5,81310
2022-03-22,29.5,29.899999618530273,28.5,29.299999237060547,69130
2022-03-23,28.5,30.25,28.5,29.399999618530273,48160
2022-03-24,27.700000762939453,29.8799991607666,27.700000762939453,29.0,56940
2022-03-25,27.700000762939453,28.299999237060547,27.100000381469727,28.100000381469727,38420
2022-03-28,28.299999237060547,28.700000762939453,26.5,27.600000381469727,84760
2022-03-29,28.200000762939453,29.299999237060547,27.700000762939453,28.600000381469727,38290
2022-03-30,28.5,29.600000381469727,28.100000381469727,28.5,39370
2022-03-31,24.5,27.0,22.600000381469727,26.899999618530273,224970
2022-04-01,24.200000762939453,24.889999389648438,23.799999237060547,24.700000762939453,46540
2022-04-04,24.200000762939453,24.399999618530273,23.299999237060547,23.899999618530273,48770
2022-04-05,23.799999237060547,24.5,23.399999618530273,23.799999237060547,31920
2022-04-06,23.899999618530273,23.899999618530273,22.5,23.799999237060547,38950
2022-04-07,22.850000381469727,23.600000381469727,22.549999237060547,23.600000381469727,45820
2022-04-08,21.600000381469727,22.799999237060547,21.100000381469727,22.5,86960
2022-04-11,21.799999237060547,23.0,20.799999237060547,21.5,67600
2022-04-12,22.0,22.75,21.299999237060547,21.799999237060547,33160
2022-04-13,23.0,23.100000381469727,21.600000381469727,22.0,23540
2022-04-14,24.200000762939453,24.5,22.5,23.0,26030
2022-04-18,21.5,23.600000381469727,21.5,23.600000381469727,25610
2022-04-19,22.0,22.399999618530273,21.0,21.399999618530273,28560
2022-04-20,21.299999237060547,22.0,21.200000762939453,21.700000762939453,36140
2022-04-21,18.5,21.799999237060547,18.5,21.5,97760
2022-04-22,17.0,18.299999237060547,16.100000381469727,18.0,61180
2022-04-25,18.200000762939453,18.5,15.899999618530273,16.100000381469727,57280
2022-04-26,16.899999618530273,18.100000381469727,16.5,17.399999618530273,27100
2022-04-27,16.799999237060547,17.100000381469727,16.100000381469727,16.600000381469727,43940
2022-04-28,15.5,17.020000457763672,14.899999618530273,17.0,59790
2022-04-29,15.600000381469727,16.100000381469727,15.149999618530273,15.699999809265137,34810
2022-05-02,15.5,16.399999618530273,14.899999618530273,15.300000190734863,55500
2022-05-03,16.600000381469727,16.799999237060547,14.800000190734863,16.299999237060547,56370
2022-05-04,16.299999237060547,16.799999237060547,15.600000381469727,16.399999618530273,40680
2022-05-05,16.799999237060547,16.899999618530273,15.100000381469727,16.299999237060547,72290
2022-05-06,15.100000381469727,17.0,14.899999618530273,17.0,34700
2022-05-09,13.5,15.100000381469727,13.199999809265137,14.899999618530273,40220
2022-05-10,13.100000381469727,14.199999809265137,12.800000190734863,14.100000381469727,33060
2022-05-11,11.699999809265137,13.0,11.5,12.699999809265137,44880
2022-05-12,12.199999809265137,13.5,11.600000381469727,12.399999618530273,76120
2022-05-13,13.199999809265137,13.399999618530273,12.199999809265137,13.0,50150
2022-05-16,13.600000381469727,14.699999809265137,13.199999809265137,14.0,45310
2022-05-17,13.600000381469727,13.899999618530273,12.800000190734863,13.600000381469727,31370
2022-05-18,13.199999809265137,14.600000381469727,13.0,13.5,33730
2022-05-19,15.0,16.799999237060547,13.399999618530273,13.600000381469727,220710
2022-05-20,15.0,16.299999237060547,14.800000190734863,15.300000190734863,96380
2022-05-23,14.800000190734863,15.6899995803833,14.199999809265137,15.5,34060
2022-05-24,14.100000381469727,14.5,13.5,14.5,28120
2022-05-25,13.800000190734863,14.5,13.600000381469727,13.600000381469727,29100
2022-05-26,5.769999980926514,8.600000381469727,4.900000095367432,8.510000228881836,1761370
2022-05-27,5.349999904632568,5.800000190734863,5.110000133514404,5.800000190734863,298510
2022-05-31,5.590000152587891,6.099999904632568,5.400000095367432,5.5,290900
2022-06-01,5.71999979019165,6.0,5.599999904632568,6.0,193060
2022-06-02,8.4399995803833,9.109999656677246,5.699999809265137,5.900000095367432,1291700
2022-06-03,7.349999904632568,7.409999847412109,6.699999809265137,7.300000190734863,424550
2022-06-06,6.5,7.400000095367432,6.400000095367432,7.400000095367432,158880
2022-06-07,6.5,6.599999904632568,6.320000171661377,6.480000019073486,87690
2022-06-08,6.230000019073486,6.699999809265137,6.099999904632568,6.449999809265137,77470
2022-06-09,5.789999961853027,6.400000095367432,5.5,6.369999885559082,121300
2022-06-10,5.75,5.900000095367432,5.599999904632568,5.730000019073486,28630
2022-06-13,5.139999866485596,5.690000057220459,5.099999904632568,5.300000190734863,80870
2022-06-14,5.199999809265137,5.480000019073486,5.019999980926514,5.349999904632568,102490
2022-06-15,5.179999828338623,5.539999961853027,5.110000133514404,5.199999809265137,58300
2022-06-16,5.079999923706055,5.400000095367432,5.0,5.199999809265137,59760
2022-06-17,5.429999828338623,5.679999828338623,5.130000114440918,5.130000114440918,58130
2022-06-21,5.869999885559082,5.900000095367432,5.570000171661377,5.599999904632568,78370
2022-06-22,5.800000190734863,5.900000095367432,5.559999942779541,5.699999809265137,30680
2022-06-23,5.909999847412109,6.400000095367432,5.800000190734863,6.400000095367432,49170
2022-06-24,6.150000095367432,6.199999809265137,5.809999942779541,6.0,61890
2022-06-27,6.119999885559082,6.190000057220459,6.0,6.150000095367432,23520
2022-06-28,5.789999961853027,6.300000190734863,5.650000095367432,6.300000190734863,22980
2022-06-29,5.730000019073486,5.900000095367432,5.510000228881836,5.900000095367432,19140
2022-06-30,6.0,6.110000133514404,5.699999809265137,5.800000190734863,41460
2022-07-01,5.619999885559082,5.949999809265137,5.599999904632568,5.699999809265137,32530
2022-07-05,5.5,5.849999904632568,5.5,5.599999904632568,26760
2022-07-06,5.610000133514404,5.900000095367432,5.5,5.599999904632568,38190
2022-07-07,5.599999904632568,5.800000190734863,5.5,5.5,58920
2022-07-08,5.800000190734863,5.880000114440918,5.599999904632568,5.599999904632568,65670
2022-07-11,6.0,6.289999961853027,5.769999980926514,5.800000190734863,86870
2022-07-12,5.659999847412109,6.0,5.599999904632568,5.900000095367432,26550
2022-07-13,5.78000020980835,5.800000190734863,5.599999904632568,5.659999847412109,18890
2022-07-14,5.269999980926514,5.900000095367432,5.199999809265137,5.800000190734863,39210
2022-07-15,5.480000019073486,5.480000019073486,5.199999809265137,5.269999980926514,30840
2022-07-18,5.369999885559082,5.579999923706055,5.300000190734863,5.300000190734863,33320
2022-07-19,5.449999809265137,5.599999904632568,5.349999904632568,5.599999904632568,26940
2022-07-20,5.539999961853027,5.800000190734863,5.400000095367432,5.400000095367432,30330
2022-07-21,5.539999961853027,5.800000190734863,5.400000095367432,5.400000095367432,14480
2022-07-22,5.360000133514404,5.599999904632568,5.199999809265137,5.400000095367432,30130
2022-07-25,5.349999904632568,5.5,5.21999979019165,5.480000019073486,21020
2022-07-26,5.119999885559082,5.300000190734863,5.0,5.199999809265137,30220
2022-07-27,5.099999904632568,5.199999809265137,5.0,5.099999904632568,21200
2022-07-28,5.230000019073486,5.599999904632568,5.099999904632568,5.349999904632568,429530
2022-07-29,7.929999828338623,10.5,5.809999942779541,5.989999771118164,10527540
2022-08-01,8.199999809265137,9.779999732971191,8.010000228881836,9.390000343322754,1440550
2022-08-02,7.400000095367432,7.849999904632568,7.110000133514404,7.849999904632568,316050
2022-08-03,8.149999618530273,8.59000015258789,6.329999923706055,6.699999809265137,496570
2022-08-04,8.0,8.319999694824219,7.599999904632568,8.319999694824219,175870
2022-08-05,7.75,7.800000190734863,7.349999904632568,7.800000190734863,116020
2022-08-08,7.380000114440918,7.619999885559082,7.300000190734863,7.539999961853027,113960
2022-08-09,7.03000020980835,7.269999980926514,6.699999809265137,7.230000019073486,94380
2022-08-10,7.289999961853027,7.300000190734863,7.0,7.230000019073486,51720
2022-08-11,8.079999923706055,8.260000228881836,7.199999809265137,7.400000095367432,138950
2022-08-12,8.0,8.199999809265137,7.510000228881836,8.0,140390
2022-08-15,7.489999771118164,8.020000457763672,7.199999809265137,8.0,115240
2022-08-16,7.829999923706055,8.1899995803833,7.510000228881836,7.550000190734863,256570
2022-08-17,7.239999771118164,7.679999828338623,7.099999904632568,7.429999828338623,63090
2022-08-18,7.400000095367432,7.5,6.900000095367432,7.199999809265137,76520
2022-08-19,7.130000114440918,7.5,7.0,7.340000152587891,46250
2022-08-22,6.869999885559082,7.28000020980835,6.800000190734863,6.909999847412109,44700
2022-08-23,7.099999904632568,7.400000095367432,6.900000095367432,7.099999904632568,38090
2022-08-24,7.400000095367432,7.550000190734863,7.0,7.039999961853027,45990
2022-08-25,7.380000114440918,7.5,7.099999904632568,7.199999809265137,34070
2022-08-26,6.989999771118164,7.429999828338623,6.900000095367432,7.300000190734863,41020
2022-08-29,6.929999828338623,7.130000114440918,6.800000190734863,7.130000114440918,37420
2022-08-30,6.5,7.199999809265137,6.159999847412109,7.199999809265137,46020
2022-08-31,6.5,6.699999809265137,6.300000190734863,6.679999828338623,28410
2022-09-01,6.650000095367432,6.829999923706055,6.400000095367432,6.829999923706055,25700
2022-09-02,6.75,6.900000095367432,6.420000076293945,6.440000057220459,22290
2022-09-06,6.610000133514404,7.0,6.210000038146973,6.599999904632568,30230
2022-09-07,6.239999771118164,6.570000171661377,6.199999809265137,6.5,20930
2022-09-08,6.900000095367432,6.900000095367432,6.329999923706055,6.329999923706055,22130
2022-09-09,7.0,7.099999904632568,6.699999809265137,6.699999809265137,25490
2022-09-12,7.590000152587891,7.800000190734863,7.099999904632568,7.099999904632568,37470
2022-09-13,7.519999980926514,7.519999980926514,7.110000133514404,7.269999980926514,22760
2022-09-14,8.0,8.5,7.199999809265137,7.199999809265137,53120
2022-09-15,7.900000095367432,8.399999618530273,7.900000095367432,8.0,31010
2022-09-16,7.300000190734863,7.849999904632568,7.300000190734863,7.659999847412109,25080
2022-09-19,6.960000038146973,7.480000019073486,6.960000038146973,7.300000190734863,30760
2022-09-20,7.099999904632568,7.199999809265137,7.0,7.0,13770
2022-09-21,7.059999942779541,7.199999809265137,6.900000095367432,7.150000095367432,21590
2022-09-22,6.5,7.150000095367432,5.809999942779541,7.0,42320
2022-09-23,6.75,7.0,6.269999980926514,6.400000095367432,26020
2022-09-26,7.28000020980835,7.300000190734863,6.510000228881836,6.699999809265137,53170
2022-09-27,7.039999961853027,7.28000020980835,6.900000095367432,7.199999809265137,8580
2022-09-28,7.199999809265137,7.5,6.699999809265137,7.0,29550
2022-09-29,7.25,7.360000133514404,7.0,7.099999904632568,14660
2022-09-30,7.400000095367432,7.900000095367432,7.199999809265137,7.199999809265137,32030
2022-10-03,7.550000190734863,7.800000190734863,7.210000038146973,7.5,11700
2022-10-04,7.650000095367432,7.800000190734863,7.409999847412109,7.480000019073486,21510
2022-10-05,7.699999809265137,7.929999828338623,7.650000095367432,7.75,14120
2022-10-06,7.900000095367432,7.900000095367432,7.5,7.699999809265137,15310
2022-10-07,7.800000190734863,7.900000095367432,7.699999809265137,7.900000095367432,8530
2022-10-10,7.699999809265137,8.0,7.349999904632568,8.0,13290
2022-10-11,7.599999904632568,8.0,7.599999904632568,8.0,16570
2022-10-12,7.690000057220459,7.800000190734863,7.309999942779541,7.599999904632568,12980
2022-10-13,7.639999866485596,7.699999809265137,7.400000095367432,7.400000095367432,8810
2022-10-14,7.519999980926514,7.789999961853027,7.300000190734863,7.639999866485596,12720
2022-10-17,7.800000190734863,7.900000095367432,7.53000020980835,7.599999904632568,7670
2022-10-18,7.71999979019165,8.100000381469727,7.519999980926514,7.699999809265137,15890
2022-10-19,7.5,7.800000190734863,7.320000171661377,7.489999771118164,8720
2022-10-20,7.599999904632568,7.900000095367432,7.5,7.5,11970
2022-10-21,7.5,7.800000190734863,7.300000190734863,7.590000152587891,14800
2022-10-24,7.929999828338623,8.0,7.400000095367432,7.5,16430
2022-10-25,7.849999904632568,8.420000076293945,7.699999809265137,7.699999809265137,21790
2022-10-26,7.800000190734863,8.399999618530273,7.5,7.800000190734863,40090
2022-10-27,7.900000095367432,7.980000019073486,7.599999904632568,7.980000019073486,15590
2022-10-28,8.100000381469727,8.300000190734863,7.800000190734863,7.900000095367432,19400
2022-10-31,8.100000381469727,8.399999618530273,7.900000095367432,8.199999809265137,11370
2022-11-01,9.300000190734863,9.5,8.0,8.100000381469727,47270
2022-11-02,9.1899995803833,9.399999618530273,8.619999885559082,9.100000381469727,32440
2022-11-03,8.930000305175781,9.449999809265137,8.699999809265137,9.149999618530273,22230
2022-11-04,8.300000190734863,8.970000267028809,8.119999885559082,8.899999618530273,22590
2022-11-07,8.850000381469727,9.130000114440918,8.449999809265137,8.5,19970
2022-11-08,8.550000190734863,8.899999618530273,8.300000190734863,8.800000190734863,13970
2022-11-09,8.699999809265137,9.039999961853027,8.59000015258789,9.039999961853027,25980
2022-11-10,8.819999694824219,8.880000114440918,8.5,8.699999809265137,11150
2022-11-11,10.0,10.300000190734863,8.699999809265137,8.779999732971191,60260
2022-11-14,9.0,10.0,8.699999809265137,10.0,49670
2022-11-15,9.319999694824219,9.600000381469727,9.0,9.100000381469727,13340
2022-11-16,10.5,10.699999809265137,9.050000190734863,9.399999618530273,99250
2022-11-17,12.199999809265137,13.100000381469727,10.0,10.800000190734863,137850
2022-11-18,11.399999618530273,13.399999618530273,11.0,12.399999618530273,85880
2022-11-21,10.050000190734863,11.800000190734863,9.649999618530273,11.399999618530273,46830
2022-11-22,10.699999809265137,11.300000190734863,10.5,11.199999809265137,45040
2022-11-23,10.899999618530273,11.100000381469727,10.600000381469727,10.899999618530273,17910
2022-11-25,11.5,11.5,10.680000305175781,10.899999618530273,17680
2022-11-28,12.5,13.100000381469727,11.289999961853027,11.300000190734863,105980
2022-11-29,13.800000190734863,15.399999618530273,12.600000381469727,13.0,153110
2022-11-30,14.399999618530273,15.100000381469727,14.100000381469727,14.600000381469727,54690
2022-12-01,14.800000190734863,15.0,14.010000228881836,15.0,37180
2022-12-02,13.800000190734863,14.699999809265137,13.0,14.699999809265137,41570
2022-12-05,14.0,14.199999809265137,13.5,14.0,21120
2022-12-06,14.600000381469727,14.699999809265137,13.930000305175781,14.199999809265137,44840
2022-12-07,14.399999618530273,14.600000381469727,13.100000381469727,14.399999618530273,31100
2022-12-08,14.199999809265137,14.5,13.800000190734863,14.100000381469727,25060
2022-12-09,13.399999618530273,14.100000381469727,13.300000190734863,14.100000381469727,27800
2022-12-12,12.399999618530273,13.859999656677246,12.300000190734863,13.399999618530273,32980
2022-12-13,11.0,12.899999618530273,10.5,12.300000190734863,80550
2022-12-14,11.300000190734863,11.300000190734863,11.0,11.300000190734863,17180
2022-12-15,10.899999618530273,11.399999618530273,10.600000381469727,11.100000381469727,18230
2022-12-16,11.5,12.199999809265137,10.100000381469727,10.699999809265137,77230
2022-12-19,10.699999809265137,12.210000038146973,10.300000190734863,12.0,41910
2022-12-20,11.399999618530273,12.199999809265137,10.699999809265137,10.699999809265137,38980
2022-12-21,11.100000381469727,12.0,11.100000381469727,11.399999618530273,12330
2022-12-22,10.800000190734863,11.100000381469727,10.399999618530273,11.100000381469727,17040
2022-12-23,10.800000190734863,11.0,10.470000267028809,10.600000381469727,16980
2022-12-27,11.0,11.800000190734863,10.300000190734863,11.0,23560
2022-12-28,11.0,12.0,10.59000015258789,11.399999618530273,22200
2022-12-29,10.899999618530273,11.300000190734863,10.699999809265137,10.800000190734863,15040
2022-12-30,11.100000381469727,11.300000190734863,10.699999809265137,10.899999618530273,24800
2023-01-03,12.100000381469727,12.800000190734863,11.199999809265137,11.399999618530273,139620
2023-01-04,11.800000190734863,12.100000381469727,11.100000381469727,11.100000381469727,29700
2023-01-05,11.0,11.800000190734863,11.0,11.800000190734863,17730
2023-01-06,11.600000381469727,11.800000190734863,11.100000381469727,11.100000381469727,13490
2023-01-09,11.600000381469727,11.800000190734863,11.0,11.399999618530273,22360
2023-01-10,12.5,12.800000190734863,11.5,11.699999809265137,31190
2023-01-11,12.899999618530273,13.350000381469727,12.199999809265137,12.899999618530273,29040
2023-01-12,13.199999809265137,13.199999809265137,12.5,13.0,16190
2023-01-13,14.0,14.100000381469727,13.0,13.199999809265137,37670
2023-01-17,13.399999618530273,13.869999885559082,12.819999694824219,13.800000190734863,19710
2023-01-18,12.5,13.5,11.899999618530273,13.100000381469727,16960
2023-01-19,12.600000381469727,13.0,11.899999618530273,12.800000190734863,134000
2023-01-20,13.0,13.149999618530273,12.210000038146973,12.300000190734863,20590
2023-01-23,12.600000381469727,13.199999809265137,12.5,13.0,18660
2023-01-24,12.800000190734863,13.100000381469727,12.199999809265137,12.5,19200
2023-01-25,12.800000190734863,12.800000190734863,12.199999809265137,12.699999809265137,10990
2023-01-26,12.5,12.800000190734863,12.0,12.800000190734863,7980
2023-01-27,12.300000190734863,12.600000381469727,11.800000190734863,12.199999809265137,24690
2023-01-30,12.199999809265137,12.399999618530273,12.0,12.399999618530273,12290
2023-01-31,11.699999809265137,12.899999618530273,11.5,12.5,20180
2023-02-01,11.800000190734863,12.300000190734863,11.710000038146973,11.800000190734863,7540
2023-02-02,12.5,12.5,11.699999809265137,11.699999809265137,20590
2023-02-03,12.5,12.699999809265137,12.0,12.399999618530273,13490
2023-02-06,12.5,12.600000381469727,12.100000381469727,12.300000190734863,7350
2023-02-07,12.300000190734863,12.800000190734863,11.600000381469727,12.600000381469727,15110
2023-02-08,11.0,12.199999809265137,10.699999809265137,11.5,33630
2023-02-09,11.300000190734863,11.600000381469727,10.800000190734863,11.300000190734863,14980
2023-02-10,11.199999809265137,11.800000190734863,10.800000190734863,11.0,14040
2023-02-13,11.399999618530273,11.699999809265137,11.0600004196167,11.199999809265137,8370
2023-02-14,10.899999618530273,11.399999618530273,10.600000381469727,11.199999809265137,12500
2023-02-15,10.699999809265137,11.300000190734863,10.199999809265137,10.899999618530273,17730
2023-02-16,10.800000190734863,11.0,10.399999618530273,10.800000190734863,9810
2023-02-17,11.100000381469727,11.600000381469727,10.5,10.600000381469727,16800
2023-02-21,10.899999618530273,11.399999618530273,10.800000190734863,11.399999618530273,9590
2023-02-22,10.899999618530273,11.100000381469727,10.699999809265137,11.0,9900
2023-02-23,10.399999618530273,11.0,10.300000190734863,10.800000190734863,12910
2023-02-24,10.0,10.699999809265137,10.0,10.5,9020
2023-02-27,10.100000381469727,10.399999618530273,10.0,10.300000190734863,5690
2023-02-28,10.199999809265137,10.800000190734863,10.199999809265137,10.800000190734863,6370
2023-03-01,9.300000190734863,10.5,8.899999618530273,10.199999809265137,33200
2023-03-02,7.699999809265137,9.0,7.599999904632568,9.0,59490
2023-03-03,8.0,8.34000015258789,7.710000038146973,8.300000190734863,14720
2023-03-06,7.769999980926514,8.0,7.699999809265137,7.940000057220459,17800
2023-03-07,7.199999809265137,8.0,7.099999904632568,7.960000038146973,22670
2023-03-08,7.199999809265137,7.489999771118164,7.099999904632568,7.099999904632568,13850
2023-03-09,7.099999904632568,7.5,7.099999904632568,7.389999866485596,10960
2023-03-10,6.699999809265137,7.199999809265137,6.579999923706055,7.099999904632568,14110
2023-03-13,6.630000114440918,6.900000095367432,6.5,6.639999866485596,9350
2023-03-14,6.940000057220459,7.300000190734863,6.940000057220459,6.940000057220459,13760
2023-03-15,6.800000190734863,7.099999904632568,6.699999809265137,6.699999809265137,17210
2023-03-16,6.869999885559082,7.099999904632568,6.800000190734863,7.099999904632568,11320
2023-03-17,7.099999904632568,7.199999809265137,6.900000095367432,7.0,12500
2023-03-20,7.0,7.199999809265137,6.900000095367432,7.110000133514404,13950
2023-03-21,6.800000190734863,7.199999809265137,6.800000190734863,7.199999809265137,14910
2023-03-22,7.199999809265137,7.199999809265137,6.599999904632568,6.900000095367432,13640
2023-03-23,7.0,7.199999809265137,6.889999866485596,7.099999904632568,10790
2023-03-24,7.300000190734863,7.300000190734863,7.0,7.199999809265137,6740
2023-03-27,7.269999980926514,7.699999809265137,7.110000133514404,7.599999904632568,18100
2023-03-28,7.25,7.400000095367432,7.019999980926514,7.300000190734863,10870
2023-03-29,7.5,7.630000114440918,7.150000095367432,7.199999809265137,13460
2023-03-30,7.369999885559082,7.699999809265137,7.150000095367432,7.519999980926514,28200
2023-03-31,6.590000152587891,7.5,6.179999828338623,7.300000190734863,72790
2023-04-03,6.21999979019165,6.5,6.199999809265137,6.5,24380
2023-04-04,5.789999961853027,6.28000020980835,4.940000057220459,6.28000020980835,33170
2023-04-05,5.5,5.820000171661377,5.400000095367432,5.599999904632568,8190
2023-04-06,5.789999961853027,5.900000095367432,5.5,5.699999809265137,8420
2023-04-10,5.699999809265137,6.03000020980835,5.5,5.900000095367432,13500
2023-04-11,6.199999809265137,6.300000190734863,5.710000038146973,5.710000038146973,10450
2023-04-12,6.199999809265137,6.5,6.099999904632568,6.400000095367432,8750
2023-04-13,6.300000190734863,6.5,6.019999980926514,6.019999980926514,7950
2023-04-14,6.190000057220459,6.670000076293945,6.079999923706055,6.480000019073486,10420
2023-04-17,6.400000095367432,6.409999847412109,6.0,6.300000190734863,8270
2023-04-18,6.300000190734863,6.5,5.920000076293945,6.320000171661377,6700
2023-04-19,6.349999904632568,6.349999904632568,6.139999866485596,6.300000190734863,2540
2023-04-20,6.0,6.400000095367432,5.820000171661377,6.199999809265137,4840
2023-04-21,6.0,6.400000095367432,5.800000190734863,6.300000190734863,9070
2023-04-24,5.829999923706055,6.190000057220459,5.699999809265137,5.699999809265137,9460
2023-04-25,6.139999866485596,6.25,5.900000095367432,6.0,9500
2023-04-26,5.909999847412109,6.199999809265137,5.78000020980835,6.099999904632568,9230
2023-04-27,5.699999809265137,5.829999923706055,5.679999828338623,5.800000190734863,7110
2023-04-28,5.809999942779541,6.0,5.699999809265137,5.699999809265137,8370
2023-05-01,5.710000038146973,6.0,5.699999809265137,5.699999809265137,5440
2023-05-02,6.449999809265137,6.789999961853027,5.800000190734863,6.0,22080
2023-05-03,5.96999979019165,6.769999980926514,5.78000020980835,6.0,19810
2023-05-04,6.0,6.199999809265137,5.900000095367432,6.0,8240
2023-05-05,6.119999885559082,6.300000190734863,6.0,6.199999809265137,9790
2023-05-08,6.199999809265137,6.400000095367432,6.0,6.199999809265137,14030
2023-05-09,6.199999809265137,6.300000190734863,6.050000190734863,6.300000190734863,5440
2023-05-10,6.25,6.400000095367432,5.900000095367432,6.099999904632568,17920
2023-05-11,6.130000114440918,6.5,6.039999961853027,6.099999904632568,6180
2023-05-12,6.300000190734863,6.429999828338623,6.0,6.099999904632568,6050
2023-05-15,6.96999979019165,7.239999771118164,6.309999942779541,6.400000095367432,30700
2023-05-16,6.460000038146973,7.400000095367432,6.269999980926514,7.400000095367432,17960
2023-05-17,6.800000190734863,6.829999923706055,6.300000190734863,6.5,10230
2023-05-18,6.800000190734863,6.800000190734863,6.599999904632568,6.800000190734863,13660
2023-05-19,7.199999809265137,7.21999979019165,6.699999809265137,7.079999923706055,6100
2023-05-22,6.849999904632568,7.0,6.699999809265137,6.849999904632568,20220
2023-05-23,6.650000095367432,7.199999809265137,6.599999904632568,6.800000190734863,21370
2023-05-24,6.699999809265137,6.889999866485596,6.539999961853027,6.889999866485596,6390
2023-05-25,6.769999980926514,6.900000095367432,6.599999904632568,6.900000095367432,12370
2023-05-26,7.0,7.0,6.769999980926514,7.0,8780
2023-05-30,7.0,7.0,6.670000076293945,6.670000076293945,4160
2023-05-31,7.0,7.0,6.599999904632568,6.800000190734863,8220
2023-06-01,7.300000190734863,7.400000095367432,6.880000114440918,7.199999809265137,16700
2023-06-02,8.899999618530273,12.0,7.230000019073486,7.300000190734863,348720
2023-06-05,6.519999980926514,9.539999961853027,6.519999980926514,8.819999694824219,249810
2023-06-06,5.300000190734863,6.5,4.900000095367432,6.5,198240
2023-06-07,5.25,5.5,5.199999809265137,5.239999771118164,83860
2023-06-08,5.289999961853027,5.46999979019165,5.199999809265137,5.320000171661377,38050
2023-06-09,5.110000133514404,5.5,5.099999904632568,5.5,46200
2023-06-12,5.349999904632568,5.429999828338623,5.199999809265137,5.400000095367432,31110
2023-06-13,5.360000133514404,5.480000019073486,5.25,5.480000019073486,31380
2023-06-14,5.409999847412109,5.5,5.300000190734863,5.400000095367432,44520
2023-06-15,5.300000190734863,5.489999771118164,5.289999961853027,5.489999771118164,42940
2023-06-16,5.199999809265137,5.5,5.099999904632568,5.489999771118164,44660
2023-06-20,5.119999885559082,5.5,5.119999885559082,5.5,13190
2023-06-21,5.0,5.199999809265137,5.0,5.159999847412109,34530
2023-06-22,5.199999809265137,5.400000095367432,5.0,5.079999923706055,26830
2023-06-23,5.019999980926514,5.300000190734863,5.0,5.0,20500
2023-06-26,5.0,5.300000190734863,5.0,5.019999980926514,18510
2023-06-27,4.889999866485596,5.25,4.809999942779541,5.099999904632568,37770
2023-06-28,4.599999904632568,4.96999979019165,4.599999904632568,4.96999979019165,36680
2023-06-29,4.900000095367432,5.0,4.599999904632568,4.599999904632568,14670
2023-06-30,4.840000152587891,4.960000038146973,4.800000190734863,4.909999847412109,4630
2023-07-03,4.980000019073486,5.0,4.699999809265137,4.800000190734863,9130
2023-07-05,4.800000190734863,5.010000228881836,4.800000190734863,4.940000057220459,9150
2023-07-06,4.699999809265137,5.050000190734863,4.599999904632568,5.0,22840
2023-07-07,4.590000152587891,5.0,4.110000133514404,5.0,34620
2023-07-10,4.599999904632568,4.699999809265137,4.400000095367432,4.550000190734863,19770
2023-07-11,4.409999847412109,4.699999809265137,4.400000095367432,4.610000133514404,33010
2023-07-12,3.809999942779541,4.699999809265137,3.609999895095825,4.449999809265137,102550
2023-07-13,3.990000009536743,4.300000190734863,3.700000047683716,3.8299999237060547,83120
2023-07-14,3.700000047683716,4.099999904632568,3.5999999046325684,4.099999904632568,88960
2023-07-17,3.950000047683716,4.0,3.700000047683716,3.890000104904175,30220
2023-07-18,4.110000133514404,4.179999828338623,3.9000000953674316,3.950000047683716,23310
2023-07-19,4.090000152587891,4.300000190734863,4.0,4.0,22440
2023-07-20,4.059999942779541,4.300000190734863,4.0,4.300000190734863,19200
2023-07-21,4.119999885559082,4.480000019073486,4.070000171661377,4.099999904632568,29680
2023-07-24,3.9000000953674316,4.25,3.9000000953674316,4.199999809265137,18540
2023-07-25,3.7100000381469727,3.990000009536743,3.700000047683716,3.809999942779541,44140
2023-07-26,3.75,3.9000000953674316,3.6500000953674316,3.8499999046325684,16700
2023-07-27,3.509999990463257,3.8499999046325684,3.5,3.8499999046325684,53220
2023-07-28,3.559999942779541,3.700000047683716,3.5,3.509999990463257,25500
2023-07-31,3.9000000953674316,4.050000190734863,3.609999895095825,3.6600000858306885,67420
2023-08-01,3.990000009536743,4.0,3.7799999713897705,4.0,21180
2023-08-02,3.799999952316284,3.940000057220459,3.6500000953674316,3.75,23020
2023-08-03,3.740000009536743,3.880000114440918,3.740000009536743,3.799999952316284,9750
2023-08-04,3.5,3.75,3.4800000190734863,3.700000047683716,34870
2023-08-07,3.2699999809265137,3.799999952316284,3.2200000286102295,3.799999952316284,180120
2023-08-08,3.119999885559082,3.4000000953674316,3.0999999046325684,3.390000104904175,54540
2023-08-09,3.0899999141693115,3.200000047683716,3.0299999713897705,3.200000047683716,35930
2023-08-10,3.0999999046325684,3.299999952316284,3.049999952316284,3.180000066757202,30080
2023-08-11,3.299999952316284,3.299999952316284,3.0299999713897705,3.0999999046325684,19720
2023-08-14,3.309999942779541,3.5999999046325684,3.200000047683716,3.3399999141693115,77390
2023-08-15,3.4000000953674316,3.4000000953674316,3.0,3.259999990463257,61740
2023-08-16,3.2699999809265137,3.5,3.049999952316284,3.4000000953674316,35880
2023-08-17,3.3499999046325684,3.4000000953674316,3.200000047683716,3.299999952316284,23840
2023-08-18,3.25,3.390000104904175,3.200000047683716,3.299999952316284,22880
2023-08-21,3.180000066757202,3.299999952316284,3.0199999809265137,3.259999990463257,48590
2023-08-22,3.0199999809265137,3.3499999046325684,2.9000000953674316,3.25,139540
2023-08-23,2.8399999141693115,3.4000000953674316,2.7300000190734863,3.0999999046325684,163350
2023-08-24,3.4000000953674316,3.6500000953674316,2.799999952316284,2.9000000953674316,1840740
2023-08-25,3.200000047683716,3.450000047683716,3.0,3.3499999046325684,730760
2023-08-28,2.9600000381469727,3.2300000190734863,2.7300000190734863,3.1600000858306885,486290
2023-08-29,3.3299999237060547,3.430000066757202,2.9100000858306885,3.0899999141693115,603960
2023-08-30,3.1700000762939453,3.299999952316284,2.950000047683716,3.299999952316284,308500
2023-08-31,2.950000047683716,3.1500000953674316,2.950000047683716,3.0,185650
2023-09-01,2.9800000190734863,3.0,2.8399999141693115,3.0,206620
2023-09-05,2.75,3.0,2.6600000858306885,2.9200000762939453,240990
2023-09-06,2.6700000762939453,3.0299999713897705,2.549999952316284,2.700000047683716,572980
2023-09-07,2.450000047683716,2.700000047683716,2.299999952316284,2.630000114440918,191270
2023-09-08,2.5,2.5,2.2100000381469727,2.2100000381469727,159960
2023-09-11,2.619999885559082,2.700000047683716,2.430000066757202,2.450000047683716,151850
2023-09-12,2.609999895095825,2.759999990463257,2.5,2.759999990463257,66680
2023-09-13,2.5299999713897705,2.700000047683716,2.490000009536743,2.609999895095825,53090
2023-09-14,2.5899999141693115,2.690000057220459,2.509999990463257,2.509999990463257,334980
2023-09-15,2.8499999046325684,3.0799999237060547,2.5999999046325684,2.6500000953674316,404260
2023-09-18,2.569999933242798,2.799999952316284,2.549999952316284,2.7799999713897705,109710
2023-09-19,2.4800000190734863,2.700000047683716,2.430000066757202,2.5,54270
2023-09-20,2.5199999809265137,2.630000114440918,2.4800000190734863,2.5,79180
2023-09-21,2.5999999046325684,2.6600000858306885,2.5,2.5,55710
2023-09-22,2.559999942779541,2.619999885559082,2.5299999713897705,2.5999999046325684,72920
2023-09-25,2.319999933242798,2.5799999237060547,2.299999952316284,2.5,60600
2023-09-26,2.369999885559082,2.440000057220459,2.309999942779541,2.380000114440918,29780
2023-09-27,2.509999990463257,2.700000047683716,2.359999895095825,2.359999895095825,37190
2023-09-28,2.680000066757202,2.9000000953674316,2.4100000858306885,2.4100000858306885,106590
2023-09-29,2.5999999046325684,2.9000000953674316,2.5199999809265137,2.700000047683716,67320
2023-10-02,2.869999885559082,2.880000114440918,2.700000047683716,2.7300000190734863,237880
2023-10-03,2.680000066757202,2.869999885559082,2.6500000953674316,2.75,67160
2023-10-04,2.799999952316284,2.880000114440918,2.559999942779541,2.5999999046325684,35890
2023-10-05,2.75,2.869999885559082,2.7200000286102295,2.799999952316284,22220
2023-10-06,2.740000009536743,2.8499999046325684,2.6500000953674316,2.799999952316284,29720
2023-10-09,2.7100000381469727,2.8499999046325684,2.6500000953674316,2.759999990463257,20730
2023-10-10,2.7300000190734863,2.7899999618530273,2.630000114440918,2.7100000381469727,44320
2023-10-11,2.8399999141693115,2.9000000953674316,2.700000047683716,2.7899999618530273,35830
2023-10-12,3.0299999713897705,3.0999999046325684,2.8499999046325684,2.940000057220459,146110
2023-10-13,2.75,3.0299999713897705,2.6600000858306885,2.869999885559082,41760
2023-10-16,2.9700000286102295,3.0,2.690000057220459,2.7899999618530273,41350
2023-10-17,2.8399999141693115,3.0299999713897705,2.700000047683716,2.799999952316284,68900
2023-10-18,2.8499999046325684,2.950000047683716,2.75,2.799999952316284,20940
2023-10-19,2.8499999046325684,2.950000047683716,2.809999942779541,2.8499999046325684,12000
2023-10-20,3.0,3.0299999713897705,2.7799999713897705,3.0299999713897705,44290
2023-10-23,2.8299999237060547,3.0,2.7100000381469727,2.9200000762939453,32430
2023-10-24,2.7799999713897705,2.799999952316284,2.700000047683716,2.7899999618530273,38380
2023-10-25,2.619999885559082,2.799999952316284,2.5999999046325684,2.799999952316284,30660
2023-10-26,2.799999952316284,2.880000114440918,2.700000047683716,2.799999952316284,22320
2023-10-27,3.059999942779541,3.1500000953674316,2.75,2.759999990463257,57830
2023-10-30,3.299999952316284,3.299999952316284,2.990000009536743,3.049999952316284,42410
2023-10-31,3.25,3.309999942779541,3.0199999809265137,3.299999952316284,44460
2023-11-01,3.059999942779541,3.240000009536743,3.0,3.119999885559082,20850
2023-11-02,3.0799999237060547,3.240000009536743,3.0,3.0999999046325684,28930
2023-11-03,3.2799999713897705,3.3499999046325684,3.0799999237060547,3.1500000953674316,35340
2023-11-06,3.450000047683716,3.5,3.1600000858306885,3.200000047683716,35640
2023-11-07,3.569999933242798,3.690000057220459,3.299999952316284,3.5,55120
2023-11-08,3.559999942779541,3.700000047683716,3.4000000953674316,3.700000047683716,32740
2023-11-09,3.1500000953674316,3.9000000953674316,2.799999952316284,3.5999999046325684,63680
2023-11-10,3.299999952316284,3.4000000953674316,3.0999999046325684,3.4000000953674316,20610
2023-11-13,3.359999895095825,3.490000009536743,3.200000047683716,3.2100000381469727,20410
2023-11-14,3.5,3.5,3.2699999809265137,3.5,44540
2023-11-15,3.25,3.5899999141693115,3.0999999046325684,3.4800000190734863,41720
2023-11-16,3.0299999713897705,3.4000000953674316,2.8499999046325684,3.25,38300
2023-11-17,3.0899999141693115,3.4000000953674316,2.9100000858306885,3.119999885559082,20440
2023-11-20,3.109999895095825,3.299999952316284,3.109999895095825,3.200000047683716,20280
2023-11-21,2.940000057220459,3.299999952316284,2.9000000953674316,3.1500000953674316,45820
2023-11-22,2.9800000190734863,3.4000000953674316,2.950000047683716,3.200000047683716,22960
2023-11-24,3.140000104904175,3.25,2.9800000190734863,2.9800000190734863,7030
2023-11-27,3.2200000286102295,3.299999952316284,3.1500000953674316,3.25,19940
2023-11-28,3.3299999237060547,3.380000114440918,3.180000066757202,3.2200000286102295,22520
2023-11-29,3.4000000953674316,3.4000000953674316,3.2100000381469727,3.4000000953674316,36070
2023-11-30,3.440000057220459,3.5999999046325684,3.130000114440918,3.4100000858306885,49930
2023-12-01,3.6700000762939453,3.7799999713897705,3.430000066757202,3.5,32580
2023-12-04,3.490000009536743,3.799999952316284,3.3399999141693115,3.740000009536743,47800
2023-12-05,3.4000000953674316,3.7899999618530273,3.200000047683716,3.2100000381469727,27500
2023-12-06,3.319999933242798,3.5,3.2799999713897705,3.299999952316284,15690
2023-12-07,3.299999952316284,3.4800000190734863,3.200000047683716,3.2200000286102295,34220
2023-12-08,3.319999933242798,3.4700000286102295,3.2300000190734863,3.390000104904175,14590
2023-12-11,3.299999952316284,3.4800000190734863,3.2899999618530273,3.4000000953674316,22070
2023-12-12,3.25,3.440000057220459,3.200000047683716,3.3499999046325684,7940
2023-12-13,3.309999942779541,3.4200000762939453,3.200000047683716,3.200000047683716,14980
2023-12-14,3.369999885559082,3.5,3.1600000858306885,3.1600000858306885,14570
2023-12-15,3.390000104904175,3.490000009536743,3.390000104904175,3.4000000953674316,28580
2023-12-18,4.210000038146973,4.769999980926514,3.700000047683716,4.389999866485596,2471750
2023-12-19,3.9000000953674316,4.400000095367432,3.75,4.0,286860
2023-12-20,4.090000152587891,4.300000190734863,3.75,3.8299999237060547,145950
2023-12-21,4.309999942779541,4.5,3.9000000953674316,4.0,89620
2023-12-22,4.519999980926514,4.639999866485596,4.159999847412109,4.159999847412109,79050
2023-12-26,4.670000076293945,4.829999923706055,4.409999847412109,4.550000190734863,109490
2023-12-27,4.739999771118164,4.849999904632568,4.409999847412109,4.699999809265137,74080
2023-12-28,4.639999866485596,4.849999904632568,4.579999923706055,4.75,34900
2023-12-29,4.599999904632568,4.679999828338623,4.309999942779541,4.519999980926514,48010
2024-01-02,4.989999771118164,5.269999980926514,4.559999942779541,4.599999904632568,176090
2024-01-03,4.849999904632568,5.03000020980835,4.610000133514404,5.0,49150
2024-01-04,4.579999923706055,4.949999809265137,4.5,4.78000020980835,53910
2024-01-05,4.159999847412109,4.599999904632568,4.099999904632568,4.570000171661377,65940
2024-01-08,4.360000133514404,4.590000152587891,4.119999885559082,4.349999904632568,44450
2024-01-09,4.260000228881836,4.5,4.199999809265137,4.5,23160
2024-01-10,4.46999979019165,4.579999923706055,4.300000190734863,4.349999904632568,26040
2024-01-11,4.150000095367432,4.550000190734863,4.110000133514404,4.5,35070
2024-01-12,4.28000020980835,4.369999885559082,4.199999809265137,4.199999809265137,17980
2024-01-16,4.260000228881836,4.46999979019165,4.010000228881836,4.260000228881836,130510
2024-01-17,4.289999961853027,4.300000190734863,4.0,4.0,19810
2024-01-18,4.28000020980835,4.400000095367432,4.099999904632568,4.369999885559082,19370
2024-01-19,4.25,4.400000095367432,4.039999961853027,4.239999771118164,34000
2024-01-22,4.380000114440918,4.900000095367432,4.300000190734863,4.5,86180
2024-01-23,4.199999809265137,4.699999809265137,4.079999923706055,4.5,50570
2024-01-24,4.389999866485596,4.5,4.199999809265137,4.210000038146973,26320
2024-01-25,4.179999828338623,4.599999904632568,3.75,4.309999942779541,88250
2024-01-26,3.819999933242798,4.170000076293945,3.5999999046325684,4.099999904632568,78480
2024-01-29,3.9200000762939453,3.990000009536743,3.799999952316284,3.990000009536743,20430
2024-01-30,3.75,4.050000190734863,3.5999999046325684,3.9000000953674316,33950
2024-01-31,3.700000047683716,3.9000000953674316,3.5999999046325684,3.9000000953674316,37080
2024-02-01,3.740000009536743,3.9000000953674316,3.630000114440918,3.700000047683716,16240
2024-02-02,3.7899999618530273,3.8499999046325684,3.700000047683716,3.8499999046325684,20620
2024-02-05,3.990000009536743,4.039999961853027,3.75,4.0,45870
2024-02-06,3.930000066757202,3.990000009536743,3.799999952316284,3.990000009536743,22150
2024-02-07,4.059999942779541,4.099999904632568,3.8499999046325684,3.930000066757202,46270
2024-02-08,4.639999866485596,4.800000190734863,3.990000009536743,3.990000009536743,161780
2024-02-09,5.119999885559082,5.300000190734863,4.809999942779541,4.840000152587891,223820
2024-02-12,4.800000190734863,5.599999904632568,4.650000095367432,5.300000190734863,272470
2024-02-13,5.0,5.0,4.699999809265137,4.889999866485596,41170
2024-02-14,4.920000076293945,5.0,4.630000114440918,5.0,87390
2024-02-15,4.840000152587891,4.980000019073486,4.760000228881836,4.900000095367432,94860
2024-02-16,4.710000038146973,4.900000095367432,4.679999828338623,4.900000095367432,65900
2024-02-20,4.5,4.940000057220459,4.21999979019165,4.690000057220459,114740
2024-02-21,4.460000038146973,4.690000057220459,4.400000095367432,4.690000057220459,16510
2024-02-22,4.400000095367432,4.630000114440918,4.340000152587891,4.579999923706055,53480
2024-02-23,4.400000095367432,4.78000020980835,4.309999942779541,4.400000095367432,68710
2024-02-26,4.28000020980835,4.739999771118164,4.25,4.699999809265137,91170
2024-02-27,2.940000057220459,3.0799999237060547,2.799999952316284,2.930000066757202,661050
2024-02-28,3.049999952316284,3.0999999046325684,2.9200000762939453,3.0,143920
2024-02-29,3.5899999141693115,3.5999999046325684,3.049999952316284,3.069999933242798,276500
2024-03-01,4.380000114440918,4.440000057220459,3.700000047683716,3.700000047683716,402420
2024-03-04,5.199999809265137,5.5,4.25,4.300000190734863,466830
2024-03-05,6.630000114440918,7.329999923706055,5.5,5.5,1313480
2024-03-06,7.010000228881836,7.300000190734863,5.650000095367432,7.0,496890
2024-03-07,6.590000152587891,7.050000190734863,6.480000019073486,6.900000095367432,177980
2024-03-08,6.130000114440918,6.5,6.0,6.409999847412109,196960
2024-03-11,6.690000057220459,7.199999809265137,6.199999809265137,6.400000095367432,374930
2024-03-12,4.389999866485596,5.769999980926514,4.050000190734863,5.769999980926514,606590
2024-03-13,4.630000114440918,4.900000095367432,4.5,4.5,148380
2024-03-14,4.260000228881836,4.860000133514404,4.25,4.699999809265137,75430
2024-03-15,4.550000190734863,4.699999809265137,4.119999885559082,4.119999885559082,95120
2024-03-18,5.150000095367432,5.699999809265137,4.599999904632568,4.670000076293945,197910
2024-03-19,4.809999942779541,5.400000095367432,4.71999979019165,5.269999980926514,110070
2024-03-20,4.849999904632568,4.960000038146973,4.599999904632568,4.800000190734863,68640
2024-03-21,5.050000190734863,5.28000020980835,4.699999809265137,4.900000095367432,104810
2024-03-22,5.599999904632568,6.0,5.099999904632568,5.199999809265137,357300
2024-03-25,5.300000190734863,5.800000190734863,5.210000038146973,5.489999771118164,76680
2024-03-26,5.159999847412109,5.5,5.099999904632568,5.380000114440918,54400
2024-03-27,5.300000190734863,5.5,5.099999904632568,5.289999961853027,36050
2024-03-28,4.71999979019165,5.400000095367432,4.159999847412109,4.800000190734863,257560
2024-04-01,5.25,5.400000095367432,4.619999885559082,4.699999809265137,171570
2024-04-02,5.0,5.25,4.598999977111816,4.929999828338623,163700
2024-04-03,4.739999771118164,4.840000152587891,4.389999866485596,4.650000095367432,164300
2024-04-04,5.199999809265137,5.409999847412109,4.860000133514404,4.920000076293945,269700
2024-04-05,5.300000190734863,5.429999828338623,5.110000133514404,5.239999771118164,143500
2024-04-08,5.480000019073486,5.650000095367432,5.28000020980835,5.28000020980835,326800
2024-04-09,5.159999847412109,5.589000225067139,4.900000095367432,5.510000228881836,156900
2024-04-10,5.53000020980835,5.679999828338623,4.900000095367432,5.079999923706055,174000
2024-04-11,5.5,5.599999904632568,5.269999980926514,5.489999771118164,161300
2024-04-12,5.119999885559082,6.0,4.889999866485596,5.980000019073486,1123100
2024-04-15,4.900000095367432,5.195000171661377,4.849999904632568,5.179999828338623,205900
2024-04-16,4.300000190734863,4.75,4.239999771118164,4.75,275800
2024-04-17,4.179999828338623,4.300000190734863,4.119999885559082,4.260000228881836,128800
2024-04-18,3.0199999809265137,3.259999990463257,3.0,3.0299999713897705,768800
2024-04-19,3.0399999618530273,3.25,3.0,3.069999933242798,233600
2024-04-22,3.0,3.1600000858306885,2.7200000286102295,3.0999999046325684,211600
2024-04-23,3.049999952316284,3.119999885559082,2.859999895095825,2.9600000381469727,106500
2024-04-24,3.119999885559082,3.186000108718872,3.0299999713897705,3.130000114440918,97900
2024-04-25,3.140000104904175,3.140000104904175,3.009999990463257,3.0999999046325684,102000
2024-04-26,3.5399999618530273,3.640000104904175,3.1600000858306885,3.259999990463257,280100
2024-04-29,3.549999952316284,3.8299999237060547,3.4000000953674316,3.5999999046325684,367400
2024-04-30,2.5799999237060547,2.950000047683716,2.2699999809265137,2.2799999713897705,937600
2024-05-01,2.180000066757202,2.299999952316284,2.0199999809265137,2.059999942779541,611400
2024-05-02,2.059999942779541,2.259999990463257,1.899999976158142,2.119999885559082,252500
2024-05-03,2.0999999046325684,2.440000057220459,2.009999990463257,2.130000114440918,268000
2024-05-06,3.059999942779541,3.75,2.319999933242798,2.319999933242798,9310700
2024-05-07,2.809999942779541,3.2300000190734863,2.740000009536743,3.059999942779541,1069400
2024-05-08,2.819999933242798,2.990000009536743,2.6740000247955322,2.8299999237060547,399800
2024-05-09,2.930000066757202,3.0999999046325684,2.740000009536743,2.799999952316284,590400
2024-05-10,3.0399999618530273,3.190000057220459,2.9000000953674316,2.930000066757202,361200
2024-05-13,2.990000009536743,3.0869998931884766,2.869999885559082,3.059999942779541,170700
2024-05-14,3.180000066757202,3.2899999618530273,2.930999994277954,3.009999990463257,271400
2024-05-15,3.2300000190734863,3.25,3.0199999809265137,3.2300000190734863,182100
2024-05-16,3.5199999809265137,3.989000082015991,3.25,3.25,920000
2024-05-17,3.5399999618530273,3.7899999618530273,3.450000047683716,3.549999952316284,203700
2024-05-20,4.059999942779541,4.210000038146973,3.5,3.5,379600
2024-05-21,3.859999895095825,4.489999771118164,3.7799999713897705,4.050000190734863,340300
2024-05-22,3.9000000953674316,4.050000190734863,3.759999990463257,3.890000104904175,79400
2024-05-23,3.619999885559082,3.950000047683716,3.5850000381469727,3.950000047683716,122500
2024-05-24,3.950000047683716,4.03000020980835,3.549999952316284,3.640000104904175,164500
2024-05-28,3.8299999237060547,4.0289998054504395,3.759999990463257,3.9700000286102295,133600
2024-05-29,3.809999942779541,4.03000020980835,3.759999990463257,3.8399999141693115,238800
2024-05-30,3.680000066757202,3.869999885559082,3.6500000953674316,3.809999942779541,124100
2024-05-31,3.809999942779541,3.890000104904175,3.6500000953674316,3.6700000762939453,64900
2024-06-03,3.869999885559082,4.210000038146973,3.799999952316284,3.950000047683716,298700
2024-06-04,3.5399999618530273,3.9700000286102295,3.4800000190734863,3.9000000953674316,231400
2024-06-05,3.559999942779541,3.7090001106262207,3.319999933242798,3.3499999046325684,199500
2024-06-06,3.4000000953674316,3.6600000858306885,3.4000000953674316,3.5399999618530273,136000
2024-06-07,3.2100000381469727,3.4000000953674316,3.200000047683716,3.3499999046325684,95300
2024-06-10,3.180000066757202,3.384999990463257,3.0399999618530273,3.200000047683716,87600
2024-06-11,3.319999933242798,3.3989999294281006,3.2100000381469727,3.2699999809265137,63200
2024-06-12,3.380000114440918,3.430000066757202,3.325000047683716,3.369999885559082,40600
2024-06-13,3.440000057220459,3.5199999809265137,3.2899999618530273,3.359999895095825,31900
2024-06-14,3.0299999713897705,3.4600000381469727,3.0,3.4600000381469727,182800
2024-06-17,3.069999933242798,3.190000057220459,3.0399999618530273,3.0399999618530273,52600
2024-06-18,3.049999952316284,3.1700000762939453,3.0199999809265137,3.069999933242798,41300
2024-06-20,2.9000000953674316,3.0999999046325684,2.7799999713897705,3.049999952316284,86500
2024-06-21,2.6500000953674316,2.9600000381469727,2.640000104904175,2.9000000953674316,119200
2024-06-24,2.6700000762939453,2.809999942779541,2.569999933242798,2.680000066757202,104600
2024-06-25,2.690000057220459,2.736999988555908,2.5899999141693115,2.5999999046325684,28000
2024-06-26,2.4100000858306885,2.5999999046325684,2.3499999046325684,2.5199999809265137,132700
2024-06-27,2.619999885559082,2.7660000324249268,2.4200000762939453,2.5,68700
2024-06-28,2.440000057220459,2.690000057220459,2.4000000953674316,2.5799999237060547,110100
2024-07-01,2.5799999237060547,2.700000047683716,2.440000057220459,2.440000057220459,67200
2024-07-02,2.5999999046325684,2.690000057220459,2.5309998989105225,2.569999933242798,35000
2024-07-03,2.5799999237060547,2.690000057220459,2.5799999237060547,2.609999895095825,20700
2024-07-05,2.490000009536743,2.6600000858306885,2.424999952316284,2.6600000858306885,53300
2024-07-08,2.319999933242798,2.430000066757202,2.2799999713897705,2.4200000762939453,72900
2024-07-09,2.1500000953674316,2.390000104904175,2.1500000953674316,2.390000104904175,80200
2024-07-10,2.359999895095825,2.4590001106262207,2.1500000953674316,2.1500000953674316,203800
2024-07-11,2.4200000762939453,2.5,2.380000114440918,2.4200000762939453,39700
2024-07-12,2.4800000190734863,2.549999952316284,2.380000114440918,2.390000104904175,50600
2024-07-15,2.390000104904175,2.490000009536743,2.309999942779541,2.4100000858306885,104000
2024-07-16,2.5,2.549999952316284,2.4000000953674316,2.4000000953674316,95800
2024-07-17,2.380000114440918,2.5230000019073486,2.3499999046325684,2.4600000381469727,32000
2024-07-18,2.3299999237060547,2.490000009536743,2.299999952316284,2.490000009536743,44500
2024-07-19,2.3299999237060547,2.4000000953674316,2.3299999237060547,2.3299999237060547,14500
2024-07-22,2.3399999141693115,2.378999948501587,2.25,2.359999895095825,37900
2024-07-23,2.4200000762939453,2.4700000286102295,2.2200000286102295,2.2799999713897705,48600
2024-07-24,2.430000066757202,2.4700000286102295,2.3499999046325684,2.3499999046325684,20900
2024-07-25,2.3399999141693115,2.4700000286102295,2.3399999141693115,2.4000000953674316,38900
2024-07-26,2.4100000858306885,2.5,2.380000114440918,2.5,13900
2024-07-29,2.359999895095825,2.549999952316284,2.3499999046325684,2.4200000762939453,166800
2024-07-30,2.259999990463257,2.490000009536743,2.259999990463257,2.359999895095825,58800
2024-07-31,2.2899999618530273,2.378999948501587,2.259999990463257,2.2699999809265137,30300
2024-08-01,2.1500000953674316,2.4000000953674316,2.1500000953674316,2.3499999046325684,76000
2024-08-02,2.119999885559082,2.3299999237060547,2.0999999046325684,2.2899999618530273,49800
2024-08-05,2.009999990463257,2.109999895095825,1.909999966621399,2.0799999237060547,99600
2024-08-06,2.0199999809265137,2.1500000953674316,2.0199999809265137,2.0799999237060547,19000
2024-08-07,1.9500000476837158,2.1500000953674316,1.9500000476837158,2.134999990463257,65400
2024-08-08,2.069999933242798,2.069999933242798,1.968000054359436,1.9859999418258667,19400
2024-08-09,2.0199999809265137,2.140000104904175,1.9500000476837158,1.9500000476837158,18000
2024-08-12,2.049999952316284,2.130000114440918,1.9900000095367432,2.0799999237060547,22900
2024-08-13,1.899999976158142,2.140000104904175,1.899999976158142,1.9299999475479126,241800
2024-08-14,1.8600000143051147,1.9199999570846558,1.7999999523162842,1.899999976158142,90900
2024-08-15,1.7400000095367432,1.9249999523162842,1.7300000190734863,1.9249999523162842,82800
2024-08-16,1.7300000190734863,1.8300000429153442,1.7300000190734863,1.8300000429153442,62600
2024-08-19,1.7339999675750732,1.7999999523162842,1.680999994277954,1.7999999523162842,120500
2024-08-20,1.8300000429153442,1.850000023841858,1.7000000476837158,1.7100000381469727,50000
2024-08-21,1.899999976158142,2.0,1.8420000076293945,1.8600000143051147,74800
2024-08-22,2.0399999618530273,2.0799999237060547,1.9299999475479126,2.0,32000
2024-08-23,2.0799999237060547,2.140000104904175,2.049999952316284,2.109999895095825,38000
2024-08-26,1.8899999856948853,2.0899999141693115,1.8200000524520874,2.0899999141693115,394600
2024-08-27,1.9299999475479126,2.069999933242798,1.8600000143051147,1.9900000095367432,93900
2024-08-28,1.8799999952316284,1.899999976158142,1.8300000429153442,1.899999976158142,72000
2024-08-29,1.8300000429153442,1.8799999952316284,1.809999942779541,1.8799999952316284,43700
2024-08-30,1.8700000047683716,1.909999966621399,1.75,1.809999942779541,51800
2024-09-03,1.6449999809265137,1.871000051498413,1.6200000047683716,1.8700000047683716,121900
2024-09-04,1.6299999952316284,1.6799999475479126,1.6200000047683716,1.659999966621399,42400
2024-09-05,1.649999976158142,1.6579999923706055,1.590000033378601,1.649999976158142,35300
2024-09-06,1.6299999952316284,1.649999976158142,1.590000033378601,1.590000033378601,32100
2024-09-09,1.690000057220459,1.7170000076293945,1.6150000095367432,1.649999976158142,40300
2024-09-10,1.7400000095367432,1.75,1.6649999618530273,1.7000000476837158,32600
2024-09-11,1.690000057220459,1.7899999618530273,1.6799999475479126,1.7599999904632568,168200
2024-09-12,1.7999999523162842,1.8300000429153442,1.6699999570846558,1.7400000095367432,285800
2024-09-13,1.7200000286102295,1.847000002861023,1.6799999475479126,1.7599999904632568,380300
2024-09-16,1.7100000381469727,1.7589999437332153,1.649999976158142,1.7200000286102295,56800
2024-09-17,1.6399999856948853,1.7300000190734863,1.6399999856948853,1.7100000381469727,81800
2024-09-18,1.6200000047683716,1.690000057220459,1.590000033378601,1.690000057220459,79700
2024-09-19,1.6399999856948853,1.75,1.6200000047683716,1.7000000476837158,23600
2024-09-20,1.6299999952316284,1.690000057220459,1.590000033378601,1.659999966621399,134600
2024-09-23,1.649999976158142,1.7000000476837158,1.625,1.7000000476837158,78600
2024-09-24,1.6100000143051147,1.6799999475479126,1.600000023841858,1.6399999856948853,57500
2024-09-25,1.6799999475479126,1.6799999475479126,1.600000023841858,1.6299999952316284,36100
2024-09-26,1.7000000476837158,1.7200000286102295,1.6399999856948853,1.6799999475479126,35900
2024-09-27,1.75,1.7699999809265137,1.6799999475479126,1.6799999475479126,59700
2024-09-30,1.690000057220459,1.7999999523162842,1.649999976158142,1.7999999523162842,84500
2024-10-01,1.6100000143051147,1.7400000095367432,1.6100000143051147,1.7100000381469727,91100
2024-10-02,1.590000033378601,1.6399999856948853,1.559999942779541,1.6399999856948853,80700
2024-10-03,1.5299999713897705,1.6699999570846558,1.5299999713897705,1.6699999570846558,57600
2024-10-04,1.5399999618530273,1.5700000524520874,1.4900000095367432,1.5499999523162842,60900
2024-10-07,1.5,1.5499999523162842,1.4500000476837158,1.5499999523162842,73000
2024-10-08,1.4800000190734863,1.5369999408721924,1.4600000381469727,1.5099999904632568,52000
2024-10-09,1.4700000286102295,1.4900000095367432,1.4500000476837158,1.4739999771118164,42300
2024-10-10,1.375,1.4700000286102295,1.3250000476837158,1.4700000286102295,146900
2024-10-11,1.3700000047683716,1.399999976158142,1.350000023841858,1.350000023841858,90200
2024-10-14,1.3200000524520874,1.440000057220459,1.2999999523162842,1.409999966621399,110000
2024-10-15,1.2000000476837158,1.340000033378601,1.1799999475479126,1.340000033378601,159900
2024-10-16,1.2300000190734863,1.2699999809265137,1.100000023841858,1.25,208600
2024-10-17,1.2649999856948853,1.2999999523162842,1.159999966621399,1.25,202700
2024-10-18,1.25,1.2899999618530273,1.2400000095367432,1.2799999713897705,36300
2024-10-21,1.2400000095367432,1.340000033378601,1.2300000190734863,1.2400000095367432,411200
2024-10-22,1.2000000476837158,1.2899999618530273,1.1200000047683716,1.2400000095367432,342300
2024-10-23,1.2100000381469727,1.2400000095367432,1.1699999570846558,1.2400000095367432,57800
2024-10-24,1.2100000381469727,1.2100000381469727,1.190000057220459,1.2000000476837158,92100
2024-10-25,1.2100000381469727,1.2400000095367432,1.1979999542236328,1.2400000095367432,62600
2024-10-28,1.2899999618530273,1.2999999523162842,1.2100000381469727,1.25,183000
2024-10-29,1.2699999809265137,1.2999999523162842,1.25,1.2999999523162842,97800
2024-10-30,1.4299999475479126,1.440000057220459,1.2599999904632568,1.2799999713897705,412800
2024-10-31,1.3700000047683716,1.4500000476837158,1.2280000448226929,1.4500000476837158,254500
2024-11-01,1.3849999904632568,1.3899999856948853,1.3220000267028809,1.350000023841858,25700
2024-11-04,1.3200000524520874,1.440000057220459,1.309999942779541,1.3799999952316284,179200
2024-11-05,1.2699999809265137,1.350000023841858,1.2699999809265137,1.3200000524520874,73600
2024-11-06,1.309999942779541,1.3200000524520874,1.25,1.2699999809265137,67400
2024-11-07,1.2999999523162842,1.3300000429153442,1.2599999904632568,1.3200000524520874,123100
2024-11-08,1.315000057220459,1.3300000429153442,1.2799999713897705,1.2999999523162842,128500
2024-11-11,1.2699999809265137,1.350000023841858,1.2410000562667847,1.309999942779541,214400
2024-11-12,1.2599999904632568,1.2899999618530273,1.2300000190734863,1.2300000190734863,113700
2024-11-13,1.25,1.2999999523162842,1.2400000095367432,1.2999999523162842,71600
2024-11-14,1.159999966621399,1.25,1.1200000047683716,1.25,149200
2024-11-15,1.190000057220459,1.2000000476837158,1.1299999952316284,1.159999966621399,102300
2024-11-18,1.2999999523162842,1.3600000143051147,1.1699999570846558,1.2400000095367432,490300
2024-11-19,1.225000023841858,1.3200000524520874,1.1299999952316284,1.2999999523162842,296600
2024-11-20,1.2100000381469727,1.2400000095367432,1.2000000476837158,1.2300000190734863,68900
2024-11-21,1.2300000190734863,1.2300000190734863,1.190000057220459,1.2000000476837158,96600
2024-11-22,1.2599999904632568,1.2699999809265137,1.2100000381469727,1.2400000095367432,79800
2024-11-25,1.309999942779541,1.4700000286102295,1.2599999904632568,1.2599999904632568,648100
2024-11-26,1.2699999809265137,1.340000033378601,1.2599999904632568,1.3300000429153442,80700
2024-11-27,1.2899999618530273,1.309999942779541,1.2599999904632568,1.2699999809265137,39800
2024-11-29,1.309999942779541,1.3350000381469727,1.2899999618530273,1.2999999523162842,75200
2024-12-02,1.350000023841858,1.3700000047683716,1.2899999618530273,1.3300000429153442,376400
2024-12-03,1.2599999904632568,1.3799999952316284,1.25,1.3300000429153442,172800
2024-12-04,1.2200000286102295,1.2899999618530273,1.152999997138977,1.2599999904632568,252000
2024-12-05,1.190000057220459,1.2200000286102295,1.159999966621399,1.2100000381469727,154200
2024-12-06,1.2200000286102295,1.2200000286102295,1.1699999570846558,1.1699999570846558,76700
2024-12-09,1.2100000381469727,1.2400000095367432,1.190000057220459,1.2200000286102295,230400
2024-12-10,1.2100000381469727,1.2400000095367432,1.159999966621399,1.2400000095367432,209400
2024-12-11,1.190000057220459,1.2000000476837158,1.149999976158142,1.190000057220459,108300
2024-12-12,1.2000000476837158,1.2100000381469727,1.1699999570846558,1.1799999475479126,124600
2024-12-13,1.2000000476837158,1.2300000190734863,1.1799999475479126,1.1799999475479126,200400
2024-12-16,1.2000000476837158,1.2200000286102295,1.1699999570846558,1.2200000286102295,150600
2024-12-17,1.6399999856948853,1.6799999475479126,1.2100000381469727,1.2599999904632568,1291100
2024-12-18,1.5449999570846558,1.850000023841858,1.4500000476837158,1.850000023841858,1410600
2024-12-19,1.5199999809265137,1.590000033378601,1.4600000381469727,1.559999942779541,279600
2024-12-20,1.5,1.5499999523162842,1.4600000381469727,1.5499999523162842,380100
2024-12-23,1.4199999570846558,1.5299999713897705,1.399999976158142,1.5199999809265137,250500
2024-12-24,1.5700000524520874,1.7899999618530273,1.4199999570846558,1.4500000476837158,1003500
2024-12-26,1.5299999713897705,1.9500000476837158,1.4600000381469727,1.6200000047683716,1768100
2024-12-27,1.5099999904632568,1.559999942779541,1.409999966621399,1.5499999523162842,466600
2024-12-30,1.5299999713897705,1.5499999523162842,1.4299999475479126,1.5199999809265137,1243600
2024-12-31,2.200000047683716,2.5799999237060547,1.4700000286102295,1.5499999523162842,12742200
2025-01-02,2.990000009536743,3.4000000953674316,2.0999999046325684,2.115000009536743,10451000
2025-01-03,2.690000057220459,3.740000009536743,2.5999999046325684,3.130000114440918,5016800
2025-01-06,3.509999990463257,3.799999952316284,2.690000057220459,2.9200000762939453,4135400
2025-01-07,4.659999847412109,4.849999904632568,3.6700000762939453,3.799999952316284,4618600
2025-01-08,3.759999990463257,4.789999961853027,3.200000047683716,4.78000020980835,2857300
2025-01-10,4.849999904632568,4.920000076293945,3.7200000286102295,3.759999990463257,2545800
2025-01-13,4.909999847412109,6.010000228881836,4.699999809265137,4.929999828338623,3214200
2025-01-14,5.099999904632568,5.400000095367432,4.340000152587891,4.829999923706055,1308200
2025-01-15,4.489999771118164,5.010000228881836,4.079999923706055,4.909999847412109,1193300
2025-01-16,4.260000228881836,4.480000019073486,4.050000190734863,4.309999942779541,719600
2025-01-17,4.010000228881836,4.275000095367432,3.5999999046325684,4.119999885559082,1065900
2025-01-21,3.5299999713897705,4.019999980926514,3.4100000858306885,4.019999980926514,864600
2025-01-22,3.4800000190734863,3.9000000953674316,3.4200000762939453,3.430000066757202,530700
2025-01-23,2.930000066757202,3.549999952316284,2.8399999141693115,3.4800000190734863,1085700
2025-01-24,3.2200000286102295,3.319999933242798,2.9200000762939453,2.990000009536743,645100
2025-01-27,2.8499999046325684,3.6500000953674316,2.799999952316284,3.1700000762939453,712500
2025-01-28,3.549999952316284,3.8299999237060547,2.8399999141693115,2.8399999141693115,1321700
2025-01-29,3.140000104904175,3.6500000953674316,3.125,3.4600000381469727,786700
2025-01-30,2.990000009536743,3.180000066757202,2.859999895095825,3.140000104904175,447800
2025-01-31,3.0199999809265137,3.140000104904175,2.859999895095825,2.950000047683716,430300
2025-02-03,2.799999952316284,3.2200000286102295,2.799999952316284,2.9700000286102295,410600
2025-02-04,2.690000057220459,2.950000047683716,2.6700000762939453,2.8499999046325684,471300
2025-02-05,2.8399999141693115,2.9000000953674316,2.630000114440918,2.799999952316284,352900
2025-02-06,3.180000066757202,3.440000057220459,2.7799999713897705,2.7799999713897705,911500
2025-02-07,2.940000057220459,3.3399999141693115,2.859999895095825,3.259999990463257,464900
2025-02-10,3.0299999713897705,3.130000114440918,2.9100000858306885,2.9200000762939453,262000
2025-02-11,2.950000047683716,3.009999990463257,2.8010001182556152,3.009999990463257,162700
2025-02-12,2.940000057220459,3.069999933242798,2.9100000858306885,3.059999942779541,165100
2025-02-13,2.940000057220459,2.944999933242798,2.799999952316284,2.9000000953674316,176700
2025-02-14,2.8499999046325684,3.069999933242798,2.819999933242798,2.930000066757202,281600
2025-02-18,2.7200000286102295,2.9679999351501465,2.680000066757202,2.819999933242798,300700
2025-02-19,2.5399999618530273,2.819000005722046,2.490000009536743,2.75,387300
2025-02-20,2.450000047683716,2.515000104904175,2.4100000858306885,2.5,276900
2025-02-21,2.2799999713897705,2.492000102996826,2.25,2.430000066757202,322800
2025-02-24,2.380000114440918,2.4200000762939453,2.2699999809265137,2.359999895095825,205400
2025-02-25,2.3299999237060547,2.509999990463257,2.2100000381469727,2.430000066757202,257500
2025-02-26,2.430000066757202,2.4749999046325684,2.309999942779541,2.3299999237060547,214700
2025-02-27,2.2899999618530273,2.4619998931884766,2.259999990463257,2.4200000762939453,130200
2025-02-28,2.2699999809265137,2.299999952316284,2.1630001068115234,2.25,238100
2025-03-03,2.0299999713897705,2.3499999046325684,1.840000033378601,2.309999942779541,467900
2025-03-04,2.119999885559082,2.134999990463257,1.9299999475479126,2.0,223200
2025-03-05,2.140000104904175,2.1500000953674316,2.0250000953674316,2.1500000953674316,128700
2025-03-06,2.1600000858306885,2.2799999713897705,2.059999942779541,2.140000104904175,116500
2025-03-07,2.1700000762939453,2.2049999237060547,2.0510001182556152,2.140000104904175,126700
2025-03-10,2.069999933242798,2.1700000762939453,2.015000104904175,2.130000114440918,152500
2025-03-11,2.119999885559082,2.140000104904175,1.9500000476837158,2.049999952316284,100300
2025-03-12,2.130000114440918,2.1700000762939453,2.015000104904175,2.1700000762939453,109300
2025-03-13,2.069999933242798,2.180000066757202,1.9800000190734863,2.1730000972747803,129100
2025-03-14,2.3499999046325684,2.4049999713897705,2.0799999237060547,2.0899999141693115,261000
2025-03-17,2.049999952316284,2.4100000858306885,2.0199999809265137,2.3499999046325684,538700
2025-03-18,2.200000047683716,2.2200000286102295,2.0299999713897705,2.0299999713897705,186300
2025-03-19,2.180000066757202,2.25,2.0299999713897705,2.2100000381469727,139300
2025-03-20,2.069999933242798,2.180000066757202,2.0199999809265137,2.180000066757202,301500
2025-03-21,2.0799999237060547,2.119999885559082,2.0299999713897705,2.0899999141693115,195500
2025-03-24,2.069999933242798,2.200000047683716,2.0,2.200000047683716,200700
2025-03-25,2.009999990463257,2.069999933242798,1.9900000095367432,2.009999990463257,160600
2025-03-26,2.069999933242798,2.0799999237060547,1.9500000476837158,2.0399999618530273,145600
2025-03-27,2.069999933242798,2.0899999141693115,1.9869999885559082,2.0299999713897705,113800
2025-03-28,2.0299999713897705,2.0999999046325684,1.9500000476837158,2.069999933242798,175400
2025-03-31,2.049999952316284,2.119999885559082,1.9800000190734863,2.0399999618530273,223700
2025-04-01,1.940000057220459,2.0999999046325684,1.902999997138977,2.059999942779541,162400
2025-04-02,2.009999990463257,2.069999933242798,1.8899999856948853,2.0,175100
2025-04-03,1.8700000047683716,1.9500000476837158,1.809999942779541,1.9500000476837158,171500
2025-04-04,1.7899999618530273,1.850000023841858,1.7599999904632568,1.850000023841858,180100
2025-04-07,1.809999942779541,2.0,1.5800000429153442,1.659999966621399,242600
2025-04-08,1.7100000381469727,1.9199999570846558,1.690000057220459,1.9199999570846558,116900
2025-04-09,1.7799999713897705,1.840000033378601,1.6299999952316284,1.7000000476837158,107200
2025-04-10,1.7899999618530273,1.7999999523162842,1.7100000381469727,1.7799999713897705,46400
2025-04-11,2.049999952316284,2.0799999237060547,1.7999999523162842,1.7999999523162842,213100
2025-04-14,2.0299999713897705,2.140000104904175,2.009999990463257,2.049999952316284,95000
2025-04-15,1.9700000286102295,2.119999885559082,1.9630000591278076,2.0299999713897705,131800
2025-04-16,1.9299999475479126,2.0,1.9199999570846558,2.0,38700
2025-04-17,1.9299999475479126,1.9600000381469727,1.8899999856948853,1.940000057220459,63500
2025-04-21,1.8700000047683716,1.9700000286102295,1.850000023841858,1.8799999952316284,94200
2025-04-22,1.909999966621399,1.9500000476837158,1.875,1.8799999952316284,31000
2025-04-23,1.9800000190734863,2.069999933242798,1.9299999475479126,1.9500000476837158,54500
2025-04-24,2.069999933242798,2.0999999046325684,1.9500000476837158,1.9800000190734863,107000
2025-04-25,2.069999933242798,2.0959999561309814,2.0299999713897705,2.069999933242798,65000
2025-04-28,2.0999999046325684,2.109999895095825,2.009999990463257,2.109999895095825,58600
2025-04-29,2.055000066757202,2.109999895095825,2.049999952316284,2.069999933242798,95600
2025-04-30,2.119999885559082,2.119999885559082,1.9700000286102295,2.0799999237060547,243200
2025-05-01,2.0799999237060547,2.130000114440918,2.0280001163482666,2.109999895095825,74200
2025-05-02,2.053999900817871,2.0999999046325684,2.0299999713897705,2.0899999141693115,96200
2025-05-05,2.0299999713897705,2.140000104904175,2.009999990463257,2.0999999046325684,253600
2025-05-06,1.9199999570846558,2.0299999713897705,1.9049999713897705,2.0199999809265137,136900
2025-05-07,1.9700000286102295,1.9700000286102295,1.9049999713897705,1.9600000381469727,75000
2025-05-08,2.049999952316284,2.069999933242798,1.9500000476837158,1.9500000476837158,139900
2025-05-09,2.0399999618530273,2.117000102996826,1.9600000381469727,2.109999895095825,70500
2025-05-12,2.0799999237060547,2.119999885559082,2.015000104904175,2.049999952316284,33700
2025-05-13,2.2899999618530273,2.3499999046325684,2.0199999809265137,2.0199999809265137,1993600
2025-05-14,2.2699999809265137,2.319999933242798,2.174999952316284,2.319999933242798,217700
2025-05-15,2.4000000953674316,2.4100000858306885,2.1600000858306885,2.2300000190734863,583500
2025-05-16,2.450000047683716,2.5399999618530273,2.299999952316284,2.3499999046325684,510900
2025-05-19,2.440000057220459,2.4509999752044678,2.200000047683716,2.4000000953674316,220300
2025-05-20,2.7799999713897705,2.819999933242798,2.4200000762939453,2.5,540100
2025-05-21,2.630000114440918,3.0,2.4700000286102295,2.8399999141693115,1335200
2025-05-22,2.690000057220459,2.7200000286102295,2.4200000762939453,2.6500000953674316,331600
2025-05-23,2.619999885559082,2.6589999198913574,2.4200000762939453,2.565000057220459,184300
2025-05-27,2.5799999237060547,2.6700000762939453,2.5,2.6700000762939453,207500
2025-05-28,2.5899999141693115,2.6500000953674316,2.4709999561309814,2.569999933242798,175200
2025-05-29,2.690000057220459,2.7200000286102295,2.509999990463257,2.619999885559082,219400
2025-05-30,2.640000104904175,2.7049999237060547,2.549999952316284,2.700000047683716,137800
2025-06-02,2.680000066757202,2.7100000381469727,2.6070001125335693,2.6600000858306885,124200
2025-06-03,2.7200000286102295,2.759999990463257,2.549999952316284,2.700000047683716,205000
2025-06-04,2.950000047683716,2.9800000190734863,2.75,2.75,363000
2025-06-05,2.940000057220459,3.0399999618530273,2.819999933242798,2.9800000190734863,295000
2025-06-06,3.2699999809265137,3.2799999713897705,2.950000047683716,3.0199999809265137,405200
2025-06-09,3.6700000762939453,3.75,3.299999952316284,3.299999952316284,775500
2025-06-10,3.6500000953674316,3.8289999961853027,3.4000000953674316,3.7699999809265137,578500
2025-06-11,3.4800000190734863,3.75,3.4749999046325684,3.700000047683716,277700
2025-06-12,3.440000057220459,3.5,3.2300000190734863,3.4700000286102295,325200
2025-06-13,3.440000057220459,3.5,3.140000104904175,3.1700000762939453,357700
2025-06-16,3.4800000190734863,3.609999895095825,3.440000057220459,3.5399999618530273,190700
2025-06-17,3.3399999141693115,3.5199999809265137,3.3299999237060547,3.490000009536743,191000
2025-06-18,3.2300000190734863,3.4200000762939453,3.2300000190734863,3.3399999141693115,220400
2025-06-20,3.259999990463257,3.38700008392334,3.1510000228881836,3.3399999141693115,200900
2025-06-23,3.0999999046325684,3.200000047683716,2.9000000953674316,3.190000057220459,319400
2025-06-24,3.2200000286102295,3.25,2.9800000190734863,3.0799999237060547,285600
2025-06-25,3.2699999809265137,3.319999933242798,3.1600000858306885,3.2799999713897705,203100
2025-06-26,3.5,3.5299999713897705,3.2200000286102295,3.319999933242798,265200
2025-06-27,3.4200000762939453,3.509999990463257,3.299999952316284,3.5,259900
2025-06-30,3.259999990463257,3.4200000762939453,3.2100000381469727,3.4100000858306885,271300
2025-07-01,3.130000114440918,3.25,3.0999999046325684,3.25,187500
2025-07-02,3.319999933242798,3.3299999237060547,3.0999999046325684,3.1500000953674316,164100
2025-07-03,3.380000114440918,3.390000104904175,3.2100000381469727,3.299999952316284,93900
2025-07-07,3.369999885559082,3.440000057220459,3.3299999237060547,3.3299999237060547,108500
2025-07-08,3.380000114440918,3.4700000286102295,3.3499999046325684,3.380000114440918,164200
2025-07-09,3.359999895095825,3.4700000286102295,3.319999933242798,3.4200000762939453,162200
2025-07-10,3.2699999809265137,3.380000114440918,3.25,3.3499999046325684,113800
2025-07-11,3.2100000381469727,3.319999933242798,3.119999885559082,3.259999990463257,169300
2025-07-14,3.2100000381469727,3.2799999713897705,3.1449999809265137,3.2200000286102295,121300
2025-07-15,3.109999895095825,3.2190001010894775,3.0250000953674316,3.2100000381469727,189500
2025-07-16,3.009999990463257,3.1649999618530273,3.0,3.1500000953674316,191000
2025-07-17,3.0299999713897705,3.0999999046325684,3.0,3.0,137900
2025-07-18,2.940000057220459,3.049999952316284,2.890000104904175,3.049999952316284,183200
2025-07-21,2.9800000190734863,3.049999952316284,2.9000000953674316,2.930000066757202,182200
2025-07-22,2.990000009536743,3.059999942779541,2.9600000381469727,2.9800000190734863,118500
2025-07-23,3.0299999713897705,3.0999999046325684,2.990000009536743,3.0,73900
2025-07-24,2.990000009536743,3.1500000953674316,2.990000009536743,3.0199999809265137,106700
2025-07-25,3.0,3.049999952316284,2.9800000190734863,2.990000009536743,105200
2025-07-28,2.930000066757202,3.0199999809265137,2.9200000762939453,3.0199999809265137,108500
2025-07-29,2.880000114440918,2.9600000381469727,2.822999954223633,2.940000057220459,110500
2025-07-30,2.809999942779541,2.9000000953674316,2.7699999809265137,2.9000000953674316,159300
2025-07-31,2.690000057220459,2.8299999237060547,2.630000114440918,2.799999952316284,210100
2025-08-01,2.5899999141693115,2.690000057220459,2.559999942779541,2.6600000858306885,124600
2025-08-04,2.7200000286102295,2.7690000534057617,2.6500000953674316,2.680000066757202,104600
2025-08-05,2.640000104904175,2.7899999618530273,2.609999895095825,2.7899999618530273,149300
2025-08-06,2.4549999237060547,2.6700000762939453,2.4200000762939453,2.6600000858306885,185900
2025-08-07,2.4600000381469727,2.5,2.430000066757202,2.4800000190734863,101600
2025-08-08,2.5199999809265137,2.6700000762939453,2.430000066757202,2.4700000286102295,174600
2025-08-11,2.319999933242798,2.680000066757202,2.319999933242798,2.5999999046325684,1764300
2025-08-12,2.390000104904175,2.450000047683716,2.299999952316284,2.369999885559082,344900
2025-08-13,2.5299999713897705,2.549999952316284,2.3499999046325684,2.4100000858306885,326300
2025-08-14,2.6700000762939453,2.7899999618530273,2.640000104904175,2.6500000953674316,642500
2025-08-15,2.890000104904175,2.950000047683716,2.5999999046325684,2.759999990463257,570800
2025-08-18,2.759999990463257,2.859999895095825,2.5999999046325684,2.859999895095825,904900
2025-08-19,2.505000114440918,2.8299999237060547,2.4820001125335693,2.8299999237060547,464700
2025-08-20,2.619999885559082,2.6449999809265137,2.4000000953674316,2.5,263300
2025-08-21,2.5299999713897705,2.6700000762939453,2.5299999713897705,2.5999999046325684,239500
2025-08-22,2.640000104904175,2.690000057220459,2.5399999618530273,2.5899999141693115,702400
2025-08-25,2.690000057220459,2.819999933242798,2.6600000858306885,2.680000066757202,542600
2025-08-26,2.630000114440918,2.8299999237060547,2.5799999237060547,2.7799999713897705,783500
2025-08-27,2.5799999237060547,2.809999942779541,2.5450000762939453,2.809999942779541,769400
2025-08-28,2.5199999809265137,2.5999999046325684,2.5,2.559999942779541,292200
2025-08-29,2.319999933242798,2.5350000858306885,2.259999990463257,2.5199999809265137,571900
2025-09-02,2.5999999046325684,2.7300000190734863,2.2799999713897705,2.2799999713897705,650500
2025-09-03,2.5999999046325684,2.805000066757202,2.5230000019073486,2.6600000858306885,351700
2025-09-04,2.630000114440918,2.6600000858306885,2.5299999713897705,2.6600000858306885,191600
2025-09-05,2.75,2.75,2.569999933242798,2.6500000953674316,173000
2025-09-08,2.8399999141693115,3.0,2.7899999618530273,2.880000114440918,850300
2025-09-09,3.1500000953674316,3.1700000762939453,2.809999942779541,2.8499999046325684,1046500
2025-09-10,2.9700000286102295,3.188999891281128,2.950000047683716,3.1500000953674316,421200
2025-09-11,2.880000114440918,3.0299999713897705,2.8359999656677246,2.9700000286102295,388500
2025-09-12,2.799999952316284,2.8970000743865967,2.7300000190734863,2.890000104904175,486000
2025-09-15,3.0,3.184000015258789,2.75,2.819999933242798,669400
2025-09-16,2.9800000190734863,3.13100004196167,2.940000057220459,3.0199999809265137,289200
2025-09-17,2.9200000762939453,3.069999933242798,2.9100000858306885,3.0,348000
2025-09-18,2.9800000190734863,3.0799999237060547,2.930000066757202,2.950000047683716,346900
2025-09-19,2.9700000286102295,3.0299999713897705,2.880000114440918,3.009999990463257,334000
2025-09-22,2.869999885559082,2.9700000286102295,2.8499999046325684,2.9700000286102295,208300
2025-09-23,2.8499999046325684,2.940000057220459,2.809999942779541,2.869999885559082,330000
2025-09-24,2.990000009536743,3.180000066757202,2.950000047683716,3.0299999713897705,868000
2025-09-25,2.9100000858306885,3.015000104904175,2.9000000953674316,2.990000009536743,267900
2025-09-26,2.950000047683716,2.950000047683716,2.8299999237060547,2.9000000953674316,219000
2025-09-29,3.25,3.359999895095825,3.0,3.0299999713897705,779900
2025-09-30,3.299999952316284,3.4800000190734863,3.200000047683716,3.2699999809265137,438900
2025-10-01,3.3399999141693115,3.4000000953674316,3.190000057220459,3.309999942779541,324000
2025-10-02,3.3299999237060547,3.4000000953674316,3.200000047683716,3.380000114440918,260200
2025-10-03,3.2699999809265137,3.3889999389648438,3.2300000190734863,3.3299999237060547,297900
2025-10-06,3.3499999046325684,3.440000057220459,3.2699999809265137,3.2899999618530273,550100
2025-10-07,3.6700000762939453,3.8399999141693115,3.319999933242798,3.3499999046325684,651000
2025-10-08,3.5799999237060547,3.75,3.4600000381469727,3.6600000858306885,371500
2025-10-09,3.559999942779541,3.6760001182556152,3.4200000762939453,3.5999999046325684,445400
2025-10-10,3.1700000762939453,3.5899999141693115,3.140000104904175,3.5899999141693115,667100
2025-10-13,3.119999885559082,3.240000009536743,3.0999999046325684,3.240000009536743,314700
2025-10-14,3.049999952316284,3.1760001182556152,2.950000047683716,3.1600000858306885,395000
2025-10-15,3.1700000762939453,3.190000057220459,3.049999952316284,3.0999999046325684,207800
2025-10-16,3.0399999618530273,3.180000066757202,3.0399999618530273,3.180000066757202,296000
2025-10-17,3.180000066757202,3.2300000190734863,2.950000047683716,3.0199999809265137,1195400
2025-10-20,3.309999942779541,3.390000104904175,3.1019999980926514,3.2699999809265137,410000
2025-10-21,3.2100000381469727,3.4200000762939453,3.180000066757202,3.390000104904175,328000
2025-10-22,3.1500000953674316,3.255000114440918,3.0480000972747803,3.190000057220459,299500
2025-10-23,3.200000047683716,3.2920000553131104,3.119999885559082,3.1500000953674316,219800
2025-10-24,3.1500000953674316,3.259999990463257,3.119999885559082,3.200000047683716,341600
2025-10-27,3.140000104904175,3.315000057220459,3.119999885559082,3.2200000286102295,562600
2025-10-28,3.0,3.25,2.9600000381469727,3.1700000762939453,579800
2025-10-29,3.049999952316284,3.0899999141693115,2.9100000858306885,3.0,241500
2025-10-30,3.0199999809265137,3.140000104904175,3.0,3.0399999618530273,139700
2025-10-31,3.0999999046325684,3.380000114440918,3.0,3.069999933242798,1109000
2025-11-03,2.8499999046325684,3.119999885559082,2.7899999618530273,3.049999952316284,767400
2025-11-04,2.740000009536743,2.877000093460083,2.7300000190734863,2.819999933242798,445500
2025-11-05,2.6600000858306885,2.7860000133514404,2.6500000953674316,2.75,379000
2025-11-06,2.6700000762939453,2.7699999809265137,2.5999999046325684,2.7699999809265137,290700
2025-11-07,2.450000047683716,2.700000047683716,2.440000057220459,2.6700000762939453,704400
2025-11-10,2.5399999618530273,2.609999895095825,2.5,2.509999990463257,267700
2025-11-11,2.490000009536743,2.569999933242798,2.4700000286102295,2.559999942779541,183100
2025-11-12,2.640000104904175,2.740000009536743,2.4549999237060547,2.490000009536743,569300
2025-11-13,2.5899999141693115,2.809999942779541,2.569999933242798,2.700000047683716,475000
2025-11-14,2.490000009536743,2.609999895095825,2.450000047683716,2.5299999713897705,438200
2025-11-17,2.109999895095825,2.490000009536743,2.069999933242798,2.2899999618530273,1245800
2025-11-18,2.2799999713897705,2.2950000762939453,2.0409998893737793,2.1600000858306885,445700
2025-11-19,2.130000114440918,2.2899999618530273,2.0899999141693115,2.2899999618530273,500100
2025-11-20,2.0299999713897705,2.2100000381469727,1.9950000047683716,2.130000114440918,401700
2025-11-21,2.130000114440918,2.1600000858306885,1.9900000095367432,2.0,438300
2025-11-24,2.240000009536743,2.25,2.121000051498413,2.130000114440918,262900
2025-11-25,2.180000066757202,2.25,2.1500000953674316,2.240000009536743,135200
2025-11-26,2.3399999141693115,2.371000051498413,2.1600000858306885,2.190000057220459,356000
2025-11-28,2.450000047683716,2.509999990463257,2.359999895095825,2.5,143000
2025-12-01,2.390000104904175,2.450000047683716,2.3299999237060547,2.430000066757202,547400
2025-12-02,2.2699999809265137,2.5299999713897705,2.240000009536743,2.450000047683716,990100
2025-12-03,2.4100000858306885,2.4100000858306885,2.2200000286102295,2.2699999809265137,338500
2025-12-04,2.440000057220459,2.509999990463257,2.359999895095825,2.4200000762939453,356400
2025-12-05,2.359999895095825,2.4200000762939453,2.3499999046325684,2.4200000762939453,205400
2025-12-08,2.259999990463257,2.380000114440918,2.240000009536743,2.380000114440918,403000
2025-12-09,2.3499999046325684,2.390000104904175,2.234999895095825,2.2699999809265137,350800
2025-12-10,2.2100000381469727,2.25,2.109999895095825,2.25,755800
2025-12-11,2.200000047683716,2.2200000286102295,2.0899999141693115,2.200000047683716,407700
2025-12-12,2.069999933242798,2.23799991607666,2.059999942779541,2.190000057220459,595700
2025-12-15,1.9800000190734863,2.109999895095825,1.9800000190734863,2.0999999046325684,556700
2025-12-16,2.0999999046325684,2.140000104904175,1.9600000381469727,2.0,696600
2025-12-17,2.2799999713897705,2.4100000858306885,2.109999895095825,2.119999885559082,1090400
2025-12-18,2.180000066757202,2.440000057220459,2.174999952316284,2.440000057220459,621100
2025-12-19,2.369999885559082,2.4100000858306885,2.200000047683716,2.200000047683716,547100
2025-12-22,2.4100000858306885,2.5199999809265137,2.299999952316284,2.369999885559082,781300
2025-12-23,2.390000104904175,2.430000066757202,2.309999942779541,2.380000114440918,337900
2025-12-24,2.440000057220459,2.4600000381469727,2.3399999141693115,2.369999885559082,195400
2025-12-26,2.559999942779541,2.5799999237060547,2.4000000953674316,2.4600000381469727,499900
2025-12-29,2.5999999046325684,2.6659998893737793,2.4600000381469727,2.5899999141693115,498200
2025-12-30,2.630000114440918,2.6500000953674316,2.559999942779541,2.5799999237060547,268700
2025-12-31,2.7100000381469727,2.7300000190734863,2.5399999618530273,2.7300000190734863,620100
2026-01-02,2.619999885559082,2.765000104904175,2.5450000762939453,2.75,702300
2026-01-05,2.4100000858306885,2.619999885559082,2.3589999675750732,2.619999885559082,1267100
2026-01-06,2.390000104904175,2.450000047683716,2.3299999237060547,2.369999885559082,602200
2026-01-07,2.450000047683716,2.4809999465942383,2.3499999046325684,2.359999895095825,358800
2026-01-08,2.3299999237060547,2.444999933242798,2.2899999618530273,2.430000066757202,485000
2026-01-09,2.2200000286102295,2.380000114440918,2.190000057220459,2.3499999046325684,541100
2026-01-12,2.2200000286102295,2.25,2.069999933242798,2.2200000286102295,570900
2026-01-13,2.130000114440918,2.240000009536743,2.109999895095825,2.2300000190734863,494500
2026-01-14,2.1500000953674316,2.180000066757202,2.0,2.180000066757202,22030200
2026-01-15,2.1500000953674316,2.244999885559082,2.0799999237060547,2.1600000858306885,1611300
2026-01-16,2.2699999809265137,2.380000114440918,2.1549999713897705,2.180000066757202,1506300
2026-01-20,2.180000066757202,2.240000009536743,2.119999885559082,2.2300000190734863,1032600
2026-01-21,2.259999990463257,2.259999990463257,2.180000066757202,2.200000047683716,395900
2026-01-22,2.3399999141693115,2.380000114440918,2.240000009536743,2.25,615900
2026-01-23,2.1700000762939453,2.3399999141693115,2.1649999618530273,2.299999952316284,688900
2026-01-26,2.119999885559082,2.1700000762939453,2.0899999141693115,2.1700000762939453,437900
2026-01-27,2.240000009536743,2.240000009536743,2.0399999618530273,2.130000114440918,969500
2026-01-28,2.109999895095825,2.240000009536743,2.0799999237060547,2.2200000286102295,698900
2026-01-29,2.119999885559082,2.1549999713897705,2.059999942779541,2.119999885559082,691200
2026-01-30,2.0999999046325684,2.1610000133514404,2.0999999046325684,2.1500000953674316,380600
2026-02-02,2.1500000953674316,2.1700000762939453,2.0899999141693115,2.0999999046325684,272600
2026-02-03,2.0399999618530273,2.1600000858306885,1.9919999837875366,2.1600000858306885,610900
2026-02-04,1.840000033378601,2.0799999237060547,1.8300000429153442,2.0299999713897705,1055300
2026-02-05,1.6799999475479126,1.8600000143051147,1.659999966621399,1.8250000476837158,871700
2026-02-06,1.909999966621399,1.9199999570846558,1.7100000381469727,1.7200000286102295,528400
2026-02-09,1.9900000095367432,1.9950000047683716,1.8200000524520874,1.940000057220459,469900
2026-02-10,1.8799999952316284,1.9900000095367432,1.8650000095367432,1.9600000381469727,365600
2026-02-11,1.8200000524520874,1.8949999809265137,1.8049999475479126,1.8799999952316284,273200
2026-02-12,1.7300000190734863,1.840000033378601,1.7000000476837158,1.840000033378601,350200
2026-02-13,1.7999999523162842,1.8200000524520874,1.7300000190734863,1.7300000190734863,261400
2026-02-17,1.7999999523162842,1.850000023841858,1.725000023841858,1.7999999523162842,478200
2026-02-18,1.774999976158142,1.8600000143051147,1.75,1.7899999618530273,399100
2026-02-19,1.840000033378601,1.850000023841858,1.7300000190734863,1.7799999713897705,680500
2026-02-20,1.840000033378601,1.850000023841858,1.7649999856948853,1.8200000524520874,794300
2026-02-23,1.7599999904632568,1.8799999952316284,1.7599999904632568,1.840000033378601,483100
2026-02-24,1.8849999904632568,1.909999966621399,1.7999999523162842,1.809999942779541,951100
2026-02-25,1.909999966621399,1.9800000190734863,1.8799999952316284,1.899999976158142,889900
2026-02-26,1.9299999475479126,1.9900000095367432,1.8550000190734863,1.909999966621399,460900
2026-02-27,1.8600000143051147,1.9299999475479126,1.8550000190734863,1.899999976158142,415800
2026-03-02,1.8049999475479126,1.8450000286102295,1.7799999713897705,1.840000033378601,366300
2026-03-03,1.7999999523162842,1.8580000400543213,1.75,1.7699999809265137,597400
2026-03-04,1.8700000047683716,1.8899999856948853,1.8200000524520874,1.840000033378601,718000
2026-03-05,1.7699999809265137,1.8799999952316284,1.7400000095367432,1.8799999952316284,707700
2026-03-06,1.7000000476837158,1.7599999904632568,1.690000057220459,1.75,464100
2026-03-09,1.7300000190734863,1.7549999952316284,1.6200000047683716,1.6399999856948853,743700
2026-03-10,1.809999942779541,1.850000023841858,1.7200000286102295,1.7300000190734863,729700
2026-03-11,1.840000033378601,1.850000023841858,1.7699999809265137,1.809999942779541,252400
2026-03-12,1.7999999523162842,1.8550000190734863,1.7799999713897705,1.8200000524520874,503500
2026-03-13,1.8600000143051147,1.8849999904632568,1.7999999523162842,1.7999999523162842,350300
2026-03-16,2.0799999237060547,2.2300000190734863,1.909999966621399,1.9500000476837158,2081700
2026-03-17,1.9500000476837158,2.13700008392334,1.9299999475479126,2.130000114440918,937600
2026-03-18,1.899999976158142,1.9800000190734863,1.8530000448226929,1.9500000476837158,587100
2026-03-19,1.840000033378601,1.8799999952316284,1.7999999523162842,1.850000023841858,652500
2026-03-20,1.850000023841858,1.9049999713897705,1.7899999618530273,1.840000033378601,807900
2026-03-23,1.7699999809265137,1.8700000047683716,1.7200000286102295,1.850000023841858,781400
2026-03-24,2.130000114440918,2.140000104904175,1.8200000524520874,1.8899999856948853,1577600
2026-03-25,2.4100000858306885,2.490000009536743,2.119999885559082,2.134999990463257,2587100
2026-03-26,2.380000114440918,2.430000066757202,2.316999912261963,2.3499999046325684,991900
2026-03-27,2.190000057220459,2.316999912261963,2.1419999599456787,2.299999952316284,863500
2026-03-30,2.0899999141693115,2.2360000610351562,2.059999942779541,2.180000066757202,653300
2026-03-31,2.130000114440918,2.200000047683716,2.069999933242798,2.069999933242798,439800
2026-04-01,2.1600000858306885,2.240000009536743,2.1500000953674316,2.1500000953674316,417600
2026-04-02,2.200000047683716,2.234999895095825,2.115000009536743,2.130000114440918,355900
2026-04-06,2.25,2.302000045776367,2.2100000381469727,2.2200000286102295,693100
2026-04-07,2.2300000190734863,2.255000114440918,2.109999895095825,2.25,699800
2026-04-08,2.25,2.3499999046325684,2.180000066757202,2.3499999046325684,703200
2026-04-09,2.259999990463257,2.2899999618530273,2.2100000381469727,2.25,393300
2026-04-10,2.2200000286102295,2.2850000858306885,2.184999942779541,2.2699999809265137,477500
2026-04-13,2.2799999713897705,2.299999952316284,2.180000066757202,2.240000009536743,670400
2026-04-14,2.5,2.5450000762939453,2.2799999713897705,2.2799999713897705,1590100
2026-04-15,2.5199999809265137,2.5799999237060547,2.4100000858306885,2.509999990463257,1081600
2026-04-16,2.509999990463257,2.609999895095825,2.430000066757202,2.5399999618530273,958400
2026-04-17,2.549999952316284,2.575000047683716,2.490000009536743,2.509999990463257,1087100
2026-04-20,3.200000047683716,3.200000047683716,2.549999952316284,2.549999952316284,4591200
2026-04-21,2.950000047683716,3.2899999618530273,2.880000114440918,3.1700000762939453,2537700
2026-04-22,2.9700000286102295,3.0399999618530273,2.819999933242798,3.0399999618530273,1199700
2026-04-23,2.8399999141693115,2.9600000381469727,2.7899999618530273,2.9600000381469727,810900
2026-04-24,2.940000057220459,3.009999990463257,2.859999895095825,2.880000114440918,473400
2026-04-27,3.0299999713897705,3.2200000286102295,2.950000047683716,2.990000009536743,1434400
2026-04-28,2.950000047683716,3.0999999046325684,2.880000114440918,3.0199999809265137,666600
2026-04-29,2.9100000858306885,2.9600000381469727,2.8499999046325684,2.9600000381469727,469400
2026-04-30,2.9800000190734863,3.069999933242798,2.880000114440918,2.9200000762939453,959100
2026-05-01,3.0899999141693115,3.0999999046325684,2.9100000858306885,2.950000047683716,484000
